0 0 0 3
5 0 16 0
4 0 12 0
3 0 8 0
2 0 4 0
1 0 0 0
0 10 0 3
0 10.1 0.2 3
0 10.2 0.4 3
0 10.3 0.6 3
0 10.4 0.8 3
0 10.5 1 3
0 10.6 1.2 3
0 10.7 1.4 3
0 10.8 1.6 3
0 10.9 1.8 3
0 11 2 3
0 11.1 2.2 3
0 11.2 2.4 3
0 11.3 2.6 3
0 11.4 2.8 3
0 11.5 3 3
0 11.6 3.2 3
0 11.7 3.4 3
0 11.8 3.6 3
0 11.9 3.8 3
0 12 4 3
0 12.1 4.2 3
0 12.2 4.4 3
0 12.3 4.6 3
0 12.4 4.8 3
0 12.5 5 3
0 12.6 5.2 3
0 12.7 5.4 3
0 12.8 5.6 3
0 12.9 5.8 3
0 13 6 3
0 13.1 6.2 3
0 13.2 6.4 3
0 13.3 6.6 3
0 13.4 6.8 3
0 13.5 7 3
0 13.6 7.2 3
0 13.7 7.4 3
0 13.8 7.6 3
0 13.9 7.8 3
0 14 8 3
0 14.1 8.2 3
0 14.2 8.4 3
0 14.3 8.6 3
0 14.4 8.8 3
0 14.5 9 3
0 14.6 9.2 3
0 14.7 9.4 3
0 14.8 9.6 3
0 14.9 9.8 3
0 15 10 3
0 15.1 10.2 3
0 15.2 10.4 3
0 15.3 10.6 3
0 15.4 10.8 3
0 15.5 11 3
0 15.6 11.2 3
0 15.7 11.4 3
0 15.8 11.6 3
0 15.9 11.8 3
0 16 12 3
0 16.1 12.2 3
0 16.2 12.4 3
0 16.3 12.6 3
0 16.4 12.8 3
0 16.5 13 3
0 16.6 13.2 3
0 16.7 13.4 3
0 16.8 13.6 3
0 16.9 13.8 3
0 17 14 3
0 17.1 14.2 3
0 17.2 14.4 3
0 17.3 14.6 3
0 17.4 14.8 3
0 17.5 15 3
0 17.6 15.2 3
0 17.7 15.4 3
0 17.8 15.6 3
0 17.9 15.8 3
0 18 16 3
0 18.1 15.8 3
0 18.2 15.6 3
0 18.3 15.4 3
0 18.4 15.2 3
0 18.5 15 3
0 18.6 14.8 3
0 18.7 14.6 3
0 18.8 14.4 3
0 18.9 14.2 3
0 19 14 3
0 19.1 13.8 3
0 19.2 13.6 3
0 19.3 13.4 3
0 19.4 13.2 3
0 19.5 13 3
0 19.6 12.8 3
0 19.7 12.6 3
0 19.8 12.4 3
0 19.9 12.2 3
0 20 12 3
0 20.1 11.8 3
0 20.2 11.6 3
0 20.3 11.4 3
0 20.4 11.2 3
0 20.5 11 3
0 20.6 10.8 3
0 20.7 10.6 3
0 20.8 10.4 3
0 20.9 10.2 3
0 21 10 3
0 21.1 9.8 3
0 21.2 9.6 3
0 21.3 9.4 3
0 21.4 9.2 3
0 21.5 9 3
0 21.6 8.8 3
0 21.7 8.6 3
0 21.8 8.4 3
0 21.9 8.2 3
0 22 8 3
0 22.1 7.8 3
0 22.2 7.6 3
0 22.3 7.4 3
0 22.4 7.2 3
0 22.5 7 3
0 22.6 6.8 3
0 22.7 6.6 3
0 22.8 6.4 3
0 22.9 6.2 3
0 23 6 3
0 23.1 5.8 3
0 23.2 5.6 3
0 23.3 5.4 3
0 23.4 5.2 3
0 23.5 5 3
0 23.6 4.8 3
0 23.7 4.6 3
0 23.8 4.4 3
0 23.9 4.2 3
0 24 4 3
0 24.1 3.8 3
0 24.2 3.6 3
0 24.3 3.4 3
0 24.4 3.2 3
0 24.5 3 3
0 24.6 2.8 3
0 24.7 2.6 3
0 24.8 2.4 3
0 24.9 2.2 3
0 25 2 3
0 25.1 1.8 3
0 25.2 1.6 3
0 25.3 1.4 3
0 25.4 1.2 3
0 25.5 1 3
0 25.6 0.8 3
0 25.7 0.6 3
0 25.8 0.4 3
0 25.9 0.2 3
0 26 0 3
0 26.1 0.2 3
0 26.2 0.4 3
0 26.3 0.6 3
0 26.4 0.8 3
0 26.5 1 3
0 26.6 1.2 3
0 26.7 1.4 3
0 26.8 1.6 3
0 26.9 1.8 3
0 27 2 3
0 27.1 2.2 3
0 27.2 2.4 3
0 27.3 2.6 3
0 27.4 2.8 3
0 27.5 3 3
0 27.6 3.2 3
0 27.7 3.4 3
0 27.8 3.6 3
0 27.9 3.8 3
0 28 4 3
0 28.1 4.2 3
0 28.2 4.4 3
0 28.3 4.6 3
0 28.4 4.8 3
0 28.5 5 3
0 28.6 5.2 3
0 28.7 5.4 3
0 28.8 5.6 3
0 28.9 5.8 3
0 29 6 3
0 29.1 6.2 3
0 29.2 6.4 3
0 29.3 6.6 3
0 29.4 6.8 3
0 29.5 7 3
0 29.6 7.2 3
0 29.7 7.4 3
0 29.8 7.6 3
0 29.9 7.8 3
0 30 8 3
0 30.1 8.2 3
0 30.2 8.4 3
0 30.3 8.6 3
0 30.4 8.8 3
0 30.5 9 3
0 30.6 9.2 3
0 30.7 9.4 3
0 30.8 9.6 3
0 30.9 9.8 3
0 31 10 3
0 31.1 10.2 3
0 31.2 10.4 3
0 31.3 10.6 3
0 31.4 10.8 3
0 31.5 11 3
0 31.6 11.2 3
0 31.7 11.4 3
0 31.8 11.6 3
0 31.9 11.8 3
0 32 12 3
0 32.1 12.2 3
0 32.2 12.4 3
0 32.3 12.6 3
0 32.4 12.8 3
0 32.5 13 3
0 32.6 13.2 3
0 32.7 13.4 3
0 32.8 13.6 3
0 32.9 13.8 3
0 33 14 3
0 33.1 14.2 3
0 33.2 14.4 3
0 33.3 14.6 3
0 33.4 14.8 3
0 33.5 15 3
0 33.6 15.2 3
0 33.7 15.4 3
0 33.8 15.6 3
0 33.9 15.8 3
0 34 16 3
0 34.1 15.8 3
0 34.2 15.6 3
0 34.3 15.4 3
0 34.4 15.2 3
0 34.5 15 3
0 34.6 14.8 3
0 34.7 14.6 3
0 34.8 14.4 3
0 34.9 14.2 3
0 35 14 3
0 35.1 13.8 3
0 35.2 13.6 3
0 35.3 13.4 3
0 35.4 13.2 3
0 35.5 13 3
0 35.6 12.8 3
0 35.7 12.6 3
0 35.8 12.4 3
0 35.9 12.2 3
0 36 12 3
0 36.1 11.8 3
0 36.2 11.6 3
0 36.3 11.4 3
0 36.4 11.2 3
0 36.5 11 3
0 36.6 10.8 3
0 36.7 10.6 3
0 36.8 10.4 3
0 36.9 10.2 3
0 37 10 3
0 37.1 9.8 3
0 37.2 9.6 3
0 37.3 9.4 3
0 37.4 9.2 3
0 37.5 9 3
0 37.6 8.8 3
0 37.7 8.6 3
0 37.8 8.4 3
0 37.9 8.2 3
0 38 8 3
0 38.1 7.8 3
0 38.2 7.6 3
0 38.3 7.4 3
0 38.4 7.2 3
0 38.5 7 3
0 38.6 6.8 3
0 38.7 6.6 3
0 38.8 6.4 3
0 38.9 6.2 3
0 39 6 3
0 39.1 5.8 3
0 39.2 5.6 3
0 39.3 5.4 3
0 39.4 5.2 3
0 39.5 5 3
0 39.6 4.8 3
0 39.7 4.6 3
0 39.8 4.4 3
0 39.9 4.2 3
0 40 4 3
0 40.1 3.8 3
0 40.2 3.6 3
0 40.3 3.4 3
0 40.4 3.2 3
0 40.5 3 3
0 40.6 2.8 3
0 40.7 2.6 3
0 40.8 2.4 3
0 40.9 2.2 3
0 41 2 3
0 41.1 1.8 3
0 41.2 1.6 3
0 41.3 1.4 3
0 41.4 1.2 3
0 41.5 1 3
0 41.6 0.8 3
0 41.7 0.6 3
0 41.8 0.4 3
0 41.9 0.2 3
0 42 0 3
0 42.1 0.2 3
0 42.2 0.4 3
0 42.3 0.6 3
0 42.4 0.8 3
0 42.5 1 3
0 42.6 1.2 3
0 42.7 1.4 3
0 42.8 1.6 3
0 42.9 1.8 3
0 43 2 3
0 43.1 2.2 3
0 43.2 2.4 3
0 43.3 2.6 3
0 43.4 2.8 3
0 43.5 3 3
0 43.6 3.2 3
0 43.7 3.4 3
0 43.8 3.6 3
0 43.9 3.8 3
0 44 4 3
0 44.1 4.2 3
0 44.2 4.4 3
0 44.3 4.6 3
0 44.4 4.8 3
0 44.5 5 3
0 44.6 5.2 3
0 44.7 5.4 3
0 44.8 5.6 3
0 44.9 5.8 3
0 45 6 3
0 45.1 6.2 3
0 45.2 6.4 3
0 45.3 6.6 3
0 45.4 6.8 3
0 45.5 7 3
0 45.6 7.2 3
0 45.7 7.4 3
0 45.8 7.6 3
0 45.9 7.8 3
0 46 8 3
0 46.1 8.2 3
0 46.2 8.4 3
0 46.3 8.6 3
0 46.4 8.8 3
0 46.5 9 3
0 46.6 9.2 3
0 46.7 9.4 3
0 46.8 9.6 3
0 46.9 9.8 3
0 47 10 3
0 47.1 10.2 3
0 47.2 10.4 3
0 47.3 10.6 3
0 47.4 10.8 3
0 47.5 11 3
0 47.6 11.2 3
0 47.7 11.4 3
0 47.8 11.6 3
0 47.9 11.8 3
0 48 12 3
0 48.1 12.2 3
0 48.2 12.4 3
0 48.3 12.6 3
0 48.4 12.8 3
0 48.5 13 3
0 48.6 13.2 3
0 48.7 13.4 3
0 48.8 13.6 3
0 48.9 13.8 3
0 49 14 3
0 49.1 14.2 3
0 49.2 14.4 3
0 49.3 14.6 3
0 49.4 14.8 3
0 49.5 15 3
0 49.6 15.2 3
0 49.7 15.4 3
0 49.8 15.6 3
0 49.9 15.8 3
0 50 16 3
0 50.1 15.8 3
0 50.2 15.6 3
0 50.3 15.4 3
0 50.4 15.2 3
0 50.5 15 3
0 50.6 14.8 3
0 50.7 14.6 3
0 50.8 14.4 3
0 50.9 14.2 3
0 51 14 3
0 51.1 13.8 3
0 51.2 13.6 3
0 51.3 13.4 3
0 51.4 13.2 3
0 51.5 13 3
0 51.6 12.8 3
0 51.7 12.6 3
0 51.8 12.4 3
0 51.9 12.2 3
0 52 12 3
0 52.1 11.8 3
0 52.2 11.6 3
0 52.3 11.4 3
0 52.4 11.2 3
0 52.5 11 3
0 52.6 10.8 3
0 52.7 10.6 3
0 52.8 10.4 3
0 52.9 10.2 3
0 53 10 3
0 53.1 9.8 3
0 53.2 9.6 3
0 53.3 9.4 3
0 53.4 9.2 3
0 53.5 9 3
0 53.6 8.8 3
0 53.7 8.6 3
0 53.8 8.4 3
0 53.9 8.2 3
0 54 8 3
0 54.1 7.8 3
0 54.2 7.6 3
0 54.3 7.4 3
0 54.4 7.2 3
0 54.5 7 3
0 54.6 6.8 3
0 54.7 6.6 3
0 54.8 6.4 3
0 54.9 6.2 3
0 55 6 3
0 55.1 5.8 3
0 55.2 5.6 3
0 55.3 5.4 3
0 55.4 5.2 3
0 55.5 5 3
0 55.6 4.8 3
0 55.7 4.6 3
0 55.8 4.4 3
0 55.9 4.2 3
0 56 4 3
0 56.1 3.8 3
0 56.2 3.6 3
0 56.3 3.4 3
0 56.4 3.2 3
0 56.5 3 3
0 56.6 2.8 3
0 56.7 2.6 3
0 56.8 2.4 3
0 56.9 2.2 3
0 57 2 3
0 57.1 1.8 3
0 57.2 1.6 3
0 57.3 1.4 3
0 57.4 1.2 3
0 57.5 1 3
0 57.6 0.8 3
0 57.7 0.6 3
0 57.8 0.4 3
0 57.9 0.2 3
0 58 0 3
0 58.1 0.2 3
0 58.2 0.4 3
0 58.3 0.6 3
0 58.4 0.8 3
0 58.5 1 3
0 58.6 1.2 3
0 58.7 1.4 3
0 58.8 1.6 3
0 58.9 1.8 3
0 59 2 3
0 59.1 2.2 3
0 59.2 2.4 3
0 59.3 2.6 3
0 59.4 2.8 3
0 59.5 3 3
0 59.6 3.2 3
0 59.7 3.4 3
0 59.8 3.6 3
0 59.9 3.8 3
0 60 4 3
0 60.1 4.2 3
0 60.2 4.4 3
0 60.3 4.6 3
0 60.4 4.8 3
0 60.5 5 3
0 60.6 5.2 3
0 60.7 5.4 3
0 60.8 5.6 3
0 60.9 5.8 3
0 61 6 3
0 61.1 6.2 3
0 61.2 6.4 3
0 61.3 6.6 3
0 61.4 6.8 3
0 61.5 7 3
0 61.6 7.2 3
0 61.7 7.4 3
0 61.8 7.6 3
0 61.9 7.8 3
0 62 8 3
0 62.1 8.2 3
0 62.2 8.4 3
0 62.3 8.6 3
0 62.4 8.8 3
0 62.5 9 3
0 62.6 9.2 3
0 62.7 9.4 3
0 62.8 9.6 3
0 62.9 9.8 3
0 63 10 3
0 63.1 10.2 3
0 63.2 10.4 3
0 63.3 10.6 3
0 63.4 10.8 3
0 63.5 11 3
0 63.6 11.2 3
0 63.7 11.4 3
0 63.8 11.6 3
0 63.9 11.8 3
0 64 12 3
0 64.1 12.2 3
0 64.2 12.4 3
0 64.3 12.6 3
0 64.4 12.8 3
0 64.5 13 3
0 64.6 13.2 3
0 64.7 13.4 3
0 64.8 13.6 3
0 64.9 13.8 3
0 65 14 3
0 65.1 14.2 3
0 65.2 14.4 3
0 65.3 14.6 3
0 65.4 14.8 3
0 65.5 15 3
0 65.6 15.2 3
0 65.7 15.4 3
0 65.8 15.6 3
0 65.9 15.8 3
0 66 16 3
0 66.1 15.8 3
0 66.2 15.6 3
0 66.3 15.4 3
0 66.4 15.2 3
0 66.5 15 3
0 66.6 14.8 3
0 66.7 14.6 3
0 66.8 14.4 3
0 66.9 14.2 3
0 67 14 3
0 67.1 13.8 3
0 67.2 13.6 3
0 67.3 13.4 3
0 67.4 13.2 3
0 67.5 13 3
0 67.6 12.8 3
0 67.7 12.6 3
0 67.8 12.4 3
0 67.9 12.2 3
0 68 12 3
0 68.1 11.8 3
0 68.2 11.6 3
0 68.3 11.4 3
0 68.4 11.2 3
0 68.5 11 3
0 68.6 10.8 3
0 68.7 10.6 3
0 68.8 10.4 3
0 68.9 10.2 3
0 69 10 3
0 69.1 9.8 3
0 69.2 9.6 3
0 69.3 9.4 3
0 69.4 9.2 3
0 69.5 9 3
0 69.6 8.8 3
0 69.7 8.6 3
0 69.8 8.4 3
0 69.9 8.2 3
0 70 8 3
0 70.1 7.8 3
0 70.2 7.6 3
0 70.3 7.4 3
0 70.4 7.2 3
0 70.5 7 3
0 70.6 6.8 3
0 70.7 6.6 3
0 70.8 6.4 3
0 70.9 6.2 3
0 71 6 3
0 71.1 5.8 3
0 71.2 5.6 3
0 71.3 5.4 3
0 71.4 5.2 3
0 71.5 5 3
0 71.6 4.8 3
0 71.7 4.6 3
0 71.8 4.4 3
0 71.9 4.2 3
0 72 4 3
0 72.1 3.8 3
0 72.2 3.6 3
0 72.3 3.4 3
0 72.4 3.2 3
0 72.5 3 3
0 72.6 2.8 3
0 72.7 2.6 3
0 72.8 2.4 3
0 72.9 2.2 3
0 73 2 3
0 73.1 1.8 3
0 73.2 1.6 3
0 73.3 1.4 3
0 73.4 1.2 3
0 73.5 1 3
0 73.6 0.8 3
0 73.7 0.6 3
0 73.8 0.4 3
0 73.9 0.2 3
0 74 0 3
0 74.1 0.2 3
0 74.2 0.4 3
0 74.3 0.6 3
0 74.4 0.8 3
0 74.5 1 3
0 74.6 1.2 3
0 74.7 1.4 3
0 74.8 1.6 3
0 74.9 1.8 3
0 75 2 3
0 75.1 2.2 3
0 75.2 2.4 3
0 75.3 2.6 3
0 75.4 2.8 3
0 75.5 3 3
0 75.6 3.2 3
0 75.7 3.4 3
0 75.8 3.6 3
0 75.9 3.8 3
0 76 4 3
0 76.1 4.2 3
0 76.2 4.4 3
0 76.3 4.6 3
0 76.4 4.8 3
0 76.5 5 3
0 76.6 5.2 3
0 76.7 5.4 3
0 76.8 5.6 3
0 76.9 5.8 3
0 77 6 3
0 77.1 6.2 3
0 77.2 6.4 3
0 77.3 6.6 3
0 77.4 6.8 3
0 77.5 7 3
0 77.6 7.2 3
0 77.7 7.4 3
0 77.8 7.6 3
0 77.9 7.8 3
0 78 8 3
0 78.1 8.2 3
0 78.2 8.4 3
0 78.3 8.6 3
0 78.4 8.8 3
0 78.5 9 3
0 78.6 9.2 3
0 78.7 9.4 3
0 78.8 9.6 3
0 78.9 9.8 3
0 79 10 3
0 79.1 10.2 3
0 79.2 10.4 3
0 79.3 10.6 3
0 79.4 10.8 3
0 79.5 11 3
0 79.6 11.2 3
0 79.7 11.4 3
0 79.8 11.6 3
0 79.9 11.8 3
0 80 12 3
0 80.1 12.2 3
0 80.2 12.4 3
0 80.3 12.6 3
0 80.4 12.8 3
0 80.5 13 3
0 80.6 13.2 3
0 80.7 13.4 3
0 80.8 13.6 3
0 80.9 13.8 3
0 81 14 3
0 81.1 14.2 3
0 81.2 14.4 3
0 81.3 14.6 3
0 81.4 14.8 3
0 81.5 15 3
0 81.6 15.2 3
0 81.7 15.4 3
0 81.8 15.6 3
0 81.9 15.8 3
0 82 16 3
0 82.1 15.8 3
0 82.2 15.6 3
0 82.3 15.4 3
0 82.4 15.2 3
0 82.5 15 3
0 82.6 14.8 3
0 82.7 14.6 3
0 82.8 14.4 3
0 82.9 14.2 3
0 83 14 3
0 83.1 13.8 3
0 83.2 13.6 3
0 83.3 13.4 3
0 83.4 13.2 3
0 83.5 13 3
0 83.6 12.8 3
0 83.7 12.6 3
0 83.8 12.4 3
0 83.9 12.2 3
0 84 12 3
0 84.1 11.8 3
0 84.2 11.6 3
0 84.3 11.4 3
0 84.4 11.2 3
0 84.5 11 3
0 84.6 10.8 3
0 84.7 10.6 3
0 84.8 10.4 3
0 84.9 10.2 3
0 85 10 3
0 85.1 9.8 3
0 85.2 9.6 3
0 85.3 9.4 3
0 85.4 9.2 3
0 85.5 9 3
0 85.6 8.8 3
0 85.7 8.6 3
0 85.8 8.4 3
0 85.9 8.2 3
0 86 8 3
0 86.1 7.8 3
0 86.2 7.6 3
0 86.3 7.4 3
0 86.4 7.2 3
0 86.5 7 3
0 86.6 6.8 3
0 86.7 6.6 3
0 86.8 6.4 3
0 86.9 6.2 3
0 87 6 3
0 87.1 5.8 3
0 87.2 5.6 3
0 87.3 5.4 3
0 87.4 5.2 3
0 87.5 5 3
0 87.6 4.8 3
0 87.7 4.6 3
0 87.8 4.4 3
0 87.9 4.2 3
0 88 4 3
0 88.1 3.8 3
0 88.2 3.6 3
0 88.3 3.4 3
0 88.4 3.2 3
0 88.5 3 3
0 88.6 2.8 3
0 88.7 2.6 3
0 88.8 2.4 3
0 88.9 2.2 3
0 89 2 3
0 89.1 1.8 3
0 89.2 1.6 3
0 89.3 1.4 3
0 89.4 1.2 3
0 89.5 1 3
0 89.6 0.8 3
0 89.7 0.6 3
0 89.8 0.4 3
0 89.9 0.2 3
0 90 0 3
0 90.1 0.2 3
0 90.2 0.4 3
0 90.3 0.6 3
0 90.4 0.8 3
0 90.5 1 3
0 90.6 1.2 3
0 90.7 1.4 3
0 90.8 1.6 3
0 90.9 1.8 3
0 91 2 3
0 91.1 2.2 3
0 91.2 2.4 3
0 91.3 2.6 3
0 91.4 2.8 3
0 91.5 3 3
0 91.6 3.2 3
0 91.7 3.4 3
0 91.8 3.6 3
0 91.9 3.8 3
0 92 4 3
0 92.1 4.2 3
0 92.2 4.4 3
0 92.3 4.6 3
0 92.4 4.8 3
0 92.5 5 3
0 92.6 5.2 3
0 92.7 5.4 3
0 92.8 5.6 3
0 92.9 5.8 3
0 93 6 3
0 93.1 6.2 3
0 93.2 6.4 3
0 93.3 6.6 3
0 93.4 6.8 3
0 93.5 7 3
0 93.6 7.2 3
0 93.7 7.4 3
0 93.8 7.6 3
0 93.9 7.8 3
0 94 8 3
0 94.1 8.2 3
0 94.2 8.4 3
0 94.3 8.6 3
0 94.4 8.8 3
0 94.5 9 3
0 94.6 9.2 3
0 94.7 9.4 3
0 94.8 9.6 3
0 94.9 9.8 3
0 95 10 3
0 95.1 10.2 3
0 95.2 10.4 3
0 95.3 10.6 3
0 95.4 10.8 3
0 95.5 11 3
0 95.6 11.2 3
0 95.7 11.4 3
0 95.8 11.6 3
0 95.9 11.8 3
0 96 12 3
0 96.1 12.2 3
0 96.2 12.4 3
0 96.3 12.6 3
0 96.4 12.8 3
0 96.5 13 3
0 96.6 13.2 3
0 96.7 13.4 3
0 96.8 13.6 3
0 96.9 13.8 3
0 97 14 3
0 97.1 14.2 3
0 97.2 14.4 3
0 97.3 14.6 3
0 97.4 14.8 3
0 97.5 15 3
0 97.6 15.2 3
0 97.7 15.4 3
0 97.8 15.6 3
0 97.9 15.8 3
0 98 16 3
0 98.1 15.8 3
0 98.2 15.6 3
0 98.3 15.4 3
0 98.4 15.2 3
0 98.5 15 3
0 98.6 14.8 3
0 98.7 14.6 3
0 98.8 14.4 3
0 98.9 14.2 3
0 99 14 3
0 99.1 13.8 3
0 99.2 13.6 3
0 99.3 13.4 3
0 99.4 13.2 3
0 99.5 13 3
0 99.6 12.8 3
0 99.7 12.6 3
0 99.8 12.4 3
0 99.9 12.2 3
0 100 12 3
0 100.1 11.8 3
0 100.2 11.6 3
0 100.3 11.4 3
0 100.4 11.2 3
0 100.5 11 3
0 100.6 10.8 3
0 100.7 10.6 3
0 100.8 10.4 3
0 100.9 10.2 3
0 101 10 3
0 101.1 9.8 3
0 101.2 9.6 3
0 101.3 9.4 3
0 101.4 9.2 3
0 101.5 9 3
0 101.6 8.8 3
0 101.7 8.6 3
0 101.8 8.4 3
0 101.9 8.2 3
0 102 8 3
0 102.1 7.8 3
0 102.2 7.6 3
0 102.3 7.4 3
0 102.4 7.2 3
0 102.5 7 3
0 102.6 6.8 3
0 102.7 6.6 3
0 102.8 6.4 3
0 102.9 6.2 3
0 103 6 3
0 103.1 5.8 3
0 103.2 5.6 3
0 103.3 5.4 3
0 103.4 5.2 3
0 103.5 5 3
0 103.6 4.8 3
0 103.7 4.6 3
0 103.8 4.4 3
0 103.9 4.2 3
0 104 4 3
0 104.1 3.8 3
0 104.2 3.6 3
0 104.3 3.4 3
0 104.4 3.2 3
0 104.5 3 3
0 104.6 2.8 3
0 104.7 2.6 3
0 104.8 2.4 3
0 104.9 2.2 3
0 105 2 3
0 105.1 1.8 3
0 105.2 1.6 3
0 105.3 1.4 3
0 105.4 1.2 3
0 105.5 1 3
0 105.6 0.8 3
0 105.7 0.6 3
0 105.8 0.4 3
0 105.9 0.2 3
0 106 0 3
0 106.1 0.2 3
0 106.2 0.4 3
0 106.3 0.6 3
0 106.4 0.8 3
0 106.5 1 3
0 106.6 1.2 3
0 106.7 1.4 3
0 106.8 1.6 3
0 106.9 1.8 3
0 107 2 3
0 107.1 2.2 3
0 107.2 2.4 3
0 107.3 2.6 3
0 107.4 2.8 3
0 107.5 3 3
0 107.6 3.2 3
0 107.7 3.4 3
0 107.8 3.6 3
0 107.9 3.8 3
0 108 4 3
0 108.1 4.2 3
0 108.2 4.4 3
0 108.3 4.6 3
0 108.4 4.8 3
0 108.5 5 3
0 108.6 5.2 3
0 108.7 5.4 3
0 108.8 5.6 3
0 108.9 5.8 3
0 109 6 3
0 109.1 6.2 3
0 109.2 6.4 3
0 109.3 6.6 3
0 109.4 6.8 3
0 109.5 7 3
0 109.6 7.2 3
0 109.7 7.4 3
0 109.8 7.6 3
0 109.9 7.8 3
0 110 8 3
0 110.1 8.2 3
0 110.2 8.4 3
0 110.3 8.6 3
0 110.4 8.8 3
0 110.5 9 3
0 110.6 9.2 3
0 110.7 9.4 3
0 110.8 9.6 3
0 110.9 9.8 3
0 111 10 3
0 111.1 10.2 3
0 111.2 10.4 3
0 111.3 10.6 3
0 111.4 10.8 3
0 111.5 11 3
0 111.6 11.2 3
0 111.7 11.4 3
0 111.8 11.6 3
0 111.9 11.8 3
0 112 12 3
0 112.1 12.2 3
0 112.2 12.4 3
0 112.3 12.6 3
0 112.4 12.8 3
0 112.5 13 3
0 112.6 13.2 3
0 112.7 13.4 3
0 112.8 13.6 3
0 112.9 13.8 3
0 113 14 3
0 113.1 14.2 3
0 113.2 14.4 3
0 113.3 14.6 3
0 113.4 14.8 3
0 113.5 15 3
0 113.6 15.2 3
0 113.7 15.4 3
0 113.8 15.6 3
0 113.9 15.8 3
0 114 16 3
0 114.1 15.8 3
0 114.2 15.6 3
0 114.3 15.4 3
0 114.4 15.2 3
0 114.5 15 3
0 114.6 14.8 3
0 114.7 14.6 3
0 114.8 14.4 3
0 114.9 14.2 3
0 115 14 3
0 115.1 13.8 3
0 115.2 13.6 3
0 115.3 13.4 3
0 115.4 13.2 3
0 115.5 13 3
0 115.6 12.8 3
0 115.7 12.6 3
0 115.8 12.4 3
0 115.9 12.2 3
0 116 12 3
0 116.1 11.8 3
0 116.2 11.6 3
0 116.3 11.4 3
0 116.4 11.2 3
0 116.5 11 3
0 116.6 10.8 3
0 116.7 10.6 3
0 116.8 10.4 3
0 116.9 10.2 3
0 117 10 3
0 117.1 9.8 3
0 117.2 9.6 3
0 117.3 9.4 3
0 117.4 9.2 3
0 117.5 9 3
0 117.6 8.8 3
0 117.7 8.6 3
0 117.8 8.4 3
0 117.9 8.2 3
0 118 8 3
0 118.1 7.8 3
0 118.2 7.6 3
0 118.3 7.4 3
0 118.4 7.2 3
0 118.5 7 3
0 118.6 6.8 3
0 118.7 6.6 3
0 118.8 6.4 3
0 118.9 6.2 3
0 119 6 3
0 119.1 5.8 3
0 119.2 5.6 3
0 119.3 5.4 3
0 119.4 5.2 3
0 119.5 5 3
0 119.6 4.8 3
0 119.7 4.6 3
0 119.8 4.4 3
0 119.9 4.2 3
0 120 4 3
0 120.1 3.8 3
0 120.2 3.6 3
0 120.3 3.4 3
0 120.4 3.2 3
0 120.5 3 3
0 120.6 2.8 3
0 120.7 2.6 3
0 120.8 2.4 3
0 120.9 2.2 3
0 121 2 3
0 121.1 1.8 3
0 121.2 1.6 3
0 121.3 1.4 3
0 121.4 1.2 3
0 121.5 1 3
0 121.6 0.8 3
0 121.7 0.6 3
0 121.8 0.4 3
0 121.9 0.2 3
0 122 0 3
0 122.1 0.2 3
0 122.2 0.4 3
0 122.3 0.6 3
0 122.4 0.8 3
0 122.5 1 3
0 122.6 1.2 3
0 122.7 1.4 3
0 122.8 1.6 3
0 122.9 1.8 3
0 123 2 3
0 123.1 2.2 3
0 123.2 2.4 3
0 123.3 2.6 3
0 123.4 2.8 3
0 123.5 3 3
0 123.6 3.2 3
0 123.7 3.4 3
0 123.8 3.6 3
0 123.9 3.8 3
0 124 4 3
0 124.1 4.2 3
0 124.2 4.4 3
0 124.3 4.6 3
0 124.4 4.8 3
0 124.5 5 3
0 124.6 5.2 3
0 124.7 5.4 3
0 124.8 5.6 3
0 124.9 5.8 3
0 125 6 3
0 125.1 6.2 3
0 125.2 6.4 3
0 125.3 6.6 3
0 125.4 6.8 3
0 125.5 7 3
0 125.6 7.2 3
0 125.7 7.4 3
0 125.8 7.6 3
0 125.9 7.8 3
0 126 8 3
0 126.1 8.2 3
0 126.2 8.4 3
0 126.3 8.6 3
0 126.4 8.8 3
0 126.5 9 3
0 126.6 9.2 3
0 126.7 9.4 3
0 126.8 9.6 3
0 126.9 9.8 3
0 127 10 3
0 127.1 10.2 3
0 127.2 10.4 3
0 127.3 10.6 3
0 127.4 10.8 3
0 127.5 11 3
0 127.6 11.2 3
0 127.7 11.4 3
0 127.8 11.6 3
0 127.9 11.8 3
0 128 12 3
0 128.1 12.2 3
0 128.2 12.4 3
0 128.3 12.6 3
0 128.4 12.8 3
0 128.5 13 3
0 128.6 13.2 3
0 128.7 13.4 3
0 128.8 13.6 3
0 128.9 13.8 3
0 129 14 3
0 129.1 14.2 3
0 129.2 14.4 3
0 129.3 14.6 3
0 129.4 14.8 3
0 129.5 15 3
0 129.6 15.2 3
0 129.7 15.4 3
0 129.8 15.6 3
0 129.9 15.8 3
0 130 16 3
0 130.1 15.8 3
0 130.2 15.6 3
0 130.3 15.4 3
0 130.4 15.2 3
0 130.5 15 3
0 130.6 14.8 3
0 130.7 14.6 3
0 130.8 14.4 3
0 130.9 14.2 3
0 131 14 3
0 131.1 13.8 3
0 131.2 13.6 3
0 131.3 13.4 3
0 131.4 13.2 3
0 131.5 13 3
0 131.6 12.8 3
0 131.7 12.6 3
0 131.8 12.4 3
0 131.9 12.2 3
0 132 12 3
0 132.1 11.8 3
0 132.2 11.6 3
0 132.3 11.4 3
0 132.4 11.2 3
0 132.5 11 3
0 132.6 10.8 3
0 132.7 10.6 3
0 132.8 10.4 3
0 132.9 10.2 3
0 133 10 3
0 133.1 9.8 3
0 133.2 9.6 3
0 133.3 9.4 3
0 133.4 9.2 3
0 133.5 9 3
0 133.6 8.8 3
0 133.7 8.6 3
0 133.8 8.4 3
0 133.9 8.2 3
0 134 8 3
0 134.1 7.8 3
0 134.2 7.6 3
0 134.3 7.4 3
0 134.4 7.2 3
0 134.5 7 3
0 134.6 6.8 3
0 134.7 6.6 3
0 134.8 6.4 3
0 134.9 6.2 3
0 135 6 3
0 135.1 5.8 3
0 135.2 5.6 3
0 135.3 5.4 3
0 135.4 5.2 3
0 135.5 5 3
0 135.6 4.8 3
0 135.7 4.6 3
0 135.8 4.4 3
0 135.9 4.2 3
0 136 4 3
0 136.1 3.8 3
0 136.2 3.6 3
0 136.3 3.4 3
0 136.4 3.2 3
0 136.5 3 3
0 136.6 2.8 3
0 136.7 2.6 3
0 136.8 2.4 3
0 136.9 2.2 3
0 137 2 3
0 137.1 1.8 3
0 137.2 1.6 3
0 137.3 1.4 3
0 137.4 1.2 3
0 137.5 1 3
0 137.6 0.8 3
0 137.7 0.6 3
0 137.8 0.4 3
0 137.9 0.2 3
0 138 0 3
0 138.1 0.2 3
0 138.2 0.4 3
0 138.3 0.6 3
0 138.4 0.8 3
0 138.5 1 3
0 138.6 1.2 3
0 138.7 1.4 3
0 138.8 1.6 3
0 138.9 1.8 3
0 139 2 3
0 139.1 2.2 3
0 139.2 2.4 3
0 139.3 2.6 3
0 139.4 2.8 3
0 139.5 3 3
0 139.6 3.2 3
0 139.7 3.4 3
0 139.8 3.6 3
0 139.9 3.8 3
0 140 4 3
0 140.1 4.2 3
0 140.2 4.4 3
0 140.3 4.6 3
0 140.4 4.8 3
0 140.5 5 3
0 140.6 5.2 3
0 140.7 5.4 3
0 140.8 5.6 3
0 140.9 5.8 3
0 141 6 3
0 141.1 6.2 3
0 141.2 6.4 3
0 141.3 6.6 3
0 141.4 6.8 3
0 141.5 7 3
0 141.6 7.2 3
0 141.7 7.4 3
0 141.8 7.6 3
0 141.9 7.8 3
0 142 8 3
0 142.1 8.2 3
0 142.2 8.4 3
0 142.3 8.6 3
0 142.4 8.8 3
0 142.5 9 3
0 142.6 9.2 3
0 142.7 9.4 3
0 142.8 9.6 3
0 142.9 9.8 3
0 143 10 3
0 143.1 10.2 3
0 143.2 10.4 3
0 143.3 10.6 3
0 143.4 10.8 3
0 143.5 11 3
0 143.6 11.2 3
0 143.7 11.4 3
0 143.8 11.6 3
0 143.9 11.8 3
0 144 12 3
0 144.1 12.2 3
0 144.2 12.4 3
0 144.3 12.6 3
0 144.4 12.8 3
0 144.5 13 3
0 144.6 13.2 3
0 144.7 13.4 3
0 144.8 13.6 3
0 144.9 13.8 3
0 145 14 3
0 145.1 14.2 3
0 145.2 14.4 3
0 145.3 14.6 3
0 145.4 14.8 3
0 145.5 15 3
0 145.6 15.2 3
0 145.7 15.4 3
0 145.8 15.6 3
0 145.9 15.8 3
0 146 16 3
0 146.1 15.8 3
0 146.2 15.6 3
0 146.3 15.4 3
0 146.4 15.2 3
0 146.5 15 3
0 146.6 14.8 3
0 146.7 14.6 3
0 146.8 14.4 3
0 146.9 14.2 3
0 147 14 3
0 147.1 13.8 3
0 147.2 13.6 3
0 147.3 13.4 3
0 147.4 13.2 3
0 147.5 13 3
0 147.6 12.8 3
0 147.7 12.6 3
0 147.8 12.4 3
0 147.9 12.2 3
0 148 12 3
0 148.1 11.8 3
0 148.2 11.6 3
0 148.3 11.4 3
0 148.4 11.2 3
0 148.5 11 3
0 148.6 10.8 3
0 148.7 10.6 3
0 148.8 10.4 3
0 148.9 10.2 3
0 149 10 3
0 149.1 9.8 3
0 149.2 9.6 3
0 149.3 9.4 3
0 149.4 9.2 3
0 149.5 9 3
0 149.6 8.8 3
0 149.7 8.6 3
0 149.8 8.4 3
0 149.9 8.2 3
0 150 8 3
0 150.1 7.8 3
0 150.2 7.6 3
0 150.3 7.4 3
0 150.4 7.2 3
0 150.5 7 3
0 150.6 6.8 3
0 150.7 6.6 3
0 150.8 6.4 3
0 150.9 6.2 3
0 151 6 3
0 151.1 5.8 3
0 151.2 5.6 3
0 151.3 5.4 3
0 151.4 5.2 3
0 151.5 5 3
0 151.6 4.8 3
0 151.7 4.6 3
0 151.8 4.4 3
0 151.9 4.2 3
0 152 4 3
0 152.1 3.8 3
0 152.2 3.6 3
0 152.3 3.4 3
0 152.4 3.2 3
0 152.5 3 3
0 152.6 2.8 3
0 152.7 2.6 3
0 152.8 2.4 3
0 152.9 2.2 3
0 153 2 3
0 153.1 1.8 3
0 153.2 1.6 3
0 153.3 1.4 3
0 153.4 1.2 3
0 153.5 1 3
0 153.6 0.8 3
0 153.7 0.6 3
0 153.8 0.4 3
0 153.9 0.2 3
0 154 0 3
0 154.1 0.2 3
0 154.2 0.4 3
0 154.3 0.6 3
0 154.4 0.8 3
0 154.5 1 3
0 154.6 1.2 3
0 154.7 1.4 3
0 154.8 1.6 3
0 154.9 1.8 3
0 155 2 3
0 155.1 2.2 3
0 155.2 2.4 3
0 155.3 2.6 3
0 155.4 2.8 3
0 155.5 3 3
0 155.6 3.2 3
0 155.7 3.4 3
0 155.8 3.6 3
0 155.9 3.8 3
0 156 4 3
0 156.1 4.2 3
0 156.2 4.4 3
0 156.3 4.6 3
0 156.4 4.8 3
0 156.5 5 3
0 156.6 5.2 3
0 156.7 5.4 3
0 156.8 5.6 3
0 156.9 5.8 3
0 157 6 3
0 157.1 6.2 3
0 157.2 6.4 3
0 157.3 6.6 3
0 157.4 6.8 3
0 157.5 7 3
0 157.6 7.2 3
0 157.7 7.4 3
0 157.8 7.6 3
0 157.9 7.8 3
0 158 8 3
0 158.1 8.2 3
0 158.2 8.4 3
0 158.3 8.6 3
0 158.4 8.8 3
0 158.5 9 3
0 158.6 9.2 3
0 158.7 9.4 3
0 158.8 9.6 3
0 158.9 9.8 3
0 159 10 3
0 159.1 10.2 3
0 159.2 10.4 3
0 159.3 10.6 3
0 159.4 10.8 3
0 159.5 11 3
0 159.6 11.2 3
0 159.7 11.4 3
0 159.8 11.6 3
0 159.9 11.8 3
0 160 12 3
0 160.1 12.2 3
0 160.2 12.4 3
0 160.3 12.6 3
0 160.4 12.8 3
0 160.5 13 3
0 160.6 13.2 3
0 160.7 13.4 3
0 160.8 13.6 3
0 160.9 13.8 3
0 161 14 3
0 161.1 14.2 3
0 161.2 14.4 3
0 161.3 14.6 3
0 161.4 14.8 3
0 161.5 15 3
0 161.6 15.2 3
0 161.7 15.4 3
0 161.8 15.6 3
0 161.9 15.8 3
0 162 16 3
0 162.1 15.8 3
0 162.2 15.6 3
0 162.3 15.4 3
0 162.4 15.2 3
0 162.5 15 3
0 162.6 14.8 3
0 162.7 14.6 3
0 162.8 14.4 3
0 162.9 14.2 3
0 163 14 3
0 163.1 13.8 3
0 163.2 13.6 3
0 163.3 13.4 3
0 163.4 13.2 3
0 163.5 13 3
0 163.6 12.8 3
0 163.7 12.6 3
0 163.8 12.4 3
0 163.9 12.2 3
0 164 12 3
0 164.1 11.8 3
0 164.2 11.6 3
0 164.3 11.4 3
0 164.4 11.2 3
0 164.5 11 3
0 164.6 10.8 3
0 164.7 10.6 3
0 164.8 10.4 3
0 164.9 10.2 3
0 165 10 3
0 165.1 9.8 3
0 165.2 9.6 3
0 165.3 9.4 3
0 165.4 9.2 3
0 165.5 9 3
0 165.6 8.8 3
0 165.7 8.6 3
0 165.8 8.4 3
0 165.9 8.2 3
0 166 8 3
0 166.1 7.8 3
0 166.2 7.6 3
0 166.3 7.4 3
0 166.4 7.2 3
0 166.5 7 3
0 166.6 6.8 3
0 166.7 6.6 3
0 166.8 6.4 3
0 166.9 6.2 3
0 167 6 3
0 167.1 5.8 3
0 167.2 5.6 3
0 167.3 5.4 3
0 167.4 5.2 3
0 167.5 5 3
0 167.6 4.8 3
0 167.7 4.6 3
0 167.8 4.4 3
0 167.9 4.2 3
0 168 4 3
0 168.1 3.8 3
0 168.2 3.6 3
0 168.3 3.4 3
0 168.4 3.2 3
0 168.5 3 3
0 168.6 2.8 3
0 168.7 2.6 3
0 168.8 2.4 3
0 168.9 2.2 3
0 169 2 3
0 169.1 1.8 3
0 169.2 1.6 3
0 169.3 1.4 3
0 169.4 1.2 3
0 169.5 1 3
0 169.6 0.8 3
0 169.7 0.6 3
0 169.8 0.4 3
0 169.9 0.2 3
0 170 0 3
0 170.1 0.2 3
0 170.2 0.4 3
0 170.3 0.6 3
0 170.4 0.8 3
0 170.5 1 3
0 170.6 1.2 3
0 170.7 1.4 3
0 170.8 1.6 3
0 170.9 1.8 3
0 171 2 3
0 171.1 2.2 3
0 171.2 2.4 3
0 171.3 2.6 3
0 171.4 2.8 3
0 171.5 3 3
0 171.6 3.2 3
0 171.7 3.4 3
0 171.8 3.6 3
0 171.9 3.8 3
0 172 4 3
0 172.1 4.2 3
0 172.2 4.4 3
0 172.3 4.6 3
0 172.4 4.8 3
0 172.5 5 3
0 172.6 5.2 3
0 172.7 5.4 3
0 172.8 5.6 3
0 172.9 5.8 3
0 173 6 3
0 173.1 6.2 3
0 173.2 6.4 3
0 173.3 6.6 3
0 173.4 6.8 3
0 173.5 7 3
0 173.6 7.2 3
0 173.7 7.4 3
0 173.8 7.6 3
0 173.9 7.8 3
0 174 8 3
0 174.1 8.2 3
0 174.2 8.4 3
0 174.3 8.6 3
0 174.4 8.8 3
0 174.5 9 3
0 174.6 9.2 3
0 174.7 9.4 3
0 174.8 9.6 3
0 174.9 9.8 3
0 175 10 3
0 175.1 10.2 3
0 175.2 10.4 3
0 175.3 10.6 3
0 175.4 10.8 3
0 175.5 11 3
0 175.6 11.2 3
0 175.7 11.4 3
0 175.8 11.6 3
0 175.9 11.8 3
0 176 12 3
0 176.1 12.2 3
0 176.2 12.4 3
0 176.3 12.6 3
0 176.4 12.8 3
0 176.5 13 3
0 176.6 13.2 3
0 176.7 13.4 3
0 176.8 13.6 3
0 176.9 13.8 3
0 177 14 3
0 177.1 14.2 3
0 177.2 14.4 3
0 177.3 14.6 3
0 177.4 14.8 3
0 177.5 15 3
0 177.6 15.2 3
0 177.7 15.4 3
0 177.8 15.6 3
0 177.9 15.8 3
0 178 16 3
0 178.1 15.8 3
0 178.2 15.6 3
0 178.3 15.4 3
0 178.4 15.2 3
0 178.5 15 3
0 178.6 14.8 3
0 178.7 14.6 3
0 178.8 14.4 3
0 178.9 14.2 3
0 179 14 3
0 179.1 13.8 3
0 179.2 13.6 3
0 179.3 13.4 3
0 179.4 13.2 3
0 179.5 13 3
0 179.6 12.8 3
0 179.7 12.6 3
0 179.8 12.4 3
0 179.9 12.2 3
0 180 12 3
0 180.1 11.8 3
0 180.2 11.6 3
0 180.3 11.4 3
0 180.4 11.2 3
0 180.5 11 3
0 180.6 10.8 3
0 180.7 10.6 3
0 180.8 10.4 3
0 180.9 10.2 3
0 181 10 3
0 181.1 9.8 3
0 181.2 9.6 3
0 181.3 9.4 3
0 181.4 9.2 3
0 181.5 9 3
0 181.6 8.8 3
0 181.7 8.6 3
0 181.8 8.4 3
0 181.9 8.2 3
0 182 8 3
0 182.1 7.8 3
0 182.2 7.6 3
0 182.3 7.4 3
0 182.4 7.2 3
0 182.5 7 3
0 182.6 6.8 3
0 182.7 6.6 3
0 182.8 6.4 3
0 182.9 6.2 3
0 183 6 3
0 183.1 5.8 3
0 183.2 5.6 3
0 183.3 5.4 3
0 183.4 5.2 3
0 183.5 5 3
0 183.6 4.8 3
0 183.7 4.6 3
0 183.8 4.4 3
0 183.9 4.2 3
0 184 4 3
0 184.1 3.8 3
0 184.2 3.6 3
0 184.3 3.4 3
0 184.4 3.2 3
0 184.5 3 3
0 184.6 2.8 3
0 184.7 2.6 3
0 184.8 2.4 3
0 184.9 2.2 3
0 185 2 3
0 185.1 1.8 3
0 185.2 1.6 3
0 185.3 1.4 3
0 185.4 1.2 3
0 185.5 1 3
0 185.6 0.8 3
0 185.7 0.6 3
0 185.8 0.4 3
0 185.9 0.2 3
0 186 0 3
0 186.1 0.2 3
0 186.2 0.4 3
0 186.3 0.6 3
0 186.4 0.8 3
0 186.5 1 3
0 186.6 1.2 3
0 186.7 1.4 3
0 186.8 1.6 3
0 186.9 1.8 3
0 187 2 3
0 187.1 2.2 3
0 187.2 2.4 3
0 187.3 2.6 3
0 187.4 2.8 3
0 187.5 3 3
0 187.6 3.2 3
0 187.7 3.4 3
0 187.8 3.6 3
0 187.9 3.8 3
0 188 4 3
0 188.1 4.2 3
0 188.2 4.4 3
0 188.3 4.6 3
0 188.4 4.8 3
0 188.5 5 3
0 188.6 5.2 3
0 188.7 5.4 3
0 188.8 5.6 3
0 188.9 5.8 3
0 189 6 3
0 189.1 6.2 3
0 189.2 6.4 3
0 189.3 6.6 3
0 189.4 6.8 3
0 189.5 7 3
0 189.6 7.2 3
0 189.7 7.4 3
0 189.8 7.6 3
0 189.9 7.8 3
0 190 8 3
0 190.1 8.2 3
0 190.2 8.4 3
0 190.3 8.6 3
0 190.4 8.8 3
0 190.5 9 3
0 190.6 9.2 3
0 190.7 9.4 3
0 190.8 9.6 3
0 190.9 9.8 3
0 191 10 3
0 191.1 10.2 3
0 191.2 10.4 3
0 191.3 10.6 3
0 191.4 10.8 3
0 191.5 11 3
0 191.6 11.2 3
0 191.7 11.4 3
0 191.8 11.6 3
0 191.9 11.8 3
0 192 12 3
0 192.1 12.2 3
0 192.2 12.4 3
0 192.3 12.6 3
0 192.4 12.8 3
0 192.5 13 3
0 192.6 13.2 3
0 192.7 13.4 3
0 192.8 13.6 3
0 192.9 13.8 3
0 193 14 3
0 193.1 14.2 3
0 193.2 14.4 3
0 193.3 14.6 3
0 193.4 14.8 3
0 193.5 15 3
0 193.6 15.2 3
0 193.7 15.4 3
0 193.8 15.6 3
0 193.9 15.8 3
0 194 16 3
0 194.1 15.8 3
0 194.2 15.6 3
0 194.3 15.4 3
0 194.4 15.2 3
0 194.5 15 3
0 194.6 14.8 3
0 194.7 14.6 3
0 194.8 14.4 3
0 194.9 14.2 3
0 195 14 3
0 195.1 13.8 3
0 195.2 13.6 3
0 195.3 13.4 3
0 195.4 13.2 3
0 195.5 13 3
0 195.6 12.8 3
0 195.7 12.6 3
0 195.8 12.4 3
0 195.9 12.2 3
0 196 12 3
0 196.1 11.8 3
0 196.2 11.6 3
0 196.3 11.4 3
0 196.4 11.2 3
0 196.5 11 3
0 196.6 10.8 3
0 196.7 10.6 3
0 196.8 10.4 3
0 196.9 10.2 3
0 197 10 3
0 197.1 9.8 3
0 197.2 9.6 3
0 197.3 9.4 3
0 197.4 9.2 3
0 197.5 9 3
0 197.6 8.8 3
0 197.7 8.6 3
0 197.8 8.4 3
0 197.9 8.2 3
0 198 8 3
0 198.1 7.8 3
0 198.2 7.6 3
0 198.3 7.4 3
0 198.4 7.2 3
0 198.5 7 3
0 198.6 6.8 3
0 198.7 6.6 3
0 198.8 6.4 3
0 198.9 6.2 3
0 199 6 3
0 199.1 5.8 3
0 199.2 5.6 3
0 199.3 5.4 3
0 199.4 5.2 3
0 199.5 5 3
0 199.6 4.8 3
0 199.7 4.6 3
0 199.8 4.4 3
0 199.9 4.2 3
0 200 4 3
0 200.1 3.8 3
0 200.2 3.6 3
0 200.3 3.4 3
0 200.4 3.2 3
0 200.5 3 3
0 200.6 2.8 3
0 200.7 2.6 3
0 200.8 2.4 3
0 200.9 2.2 3
0 201 2 3
0 201.1 1.8 3
0 201.2 1.6 3
0 201.3 1.4 3
0 201.4 1.2 3
0 201.5 1 3
0 201.6 0.8 3
0 201.7 0.6 3
0 201.8 0.4 3
0 201.9 0.2 3
0 202 0 3
0 202.1 0.2 3
0 202.2 0.4 3
0 202.3 0.6 3
0 202.4 0.8 3
0 202.5 1 3
0 202.6 1.2 3
0 202.7 1.4 3
0 202.8 1.6 3
0 202.9 1.8 3
0 203 2 3
0 203.1 2.2 3
0 203.2 2.4 3
0 203.3 2.6 3
0 203.4 2.8 3
0 203.5 3 3
0 203.6 3.2 3
0 203.7 3.4 3
0 203.8 3.6 3
0 203.9 3.8 3
0 204 4 3
0 204.1 4.2 3
0 204.2 4.4 3
0 204.3 4.6 3
0 204.4 4.8 3
0 204.5 5 3
0 204.6 5.2 3
0 204.7 5.4 3
0 204.8 5.6 3
0 204.9 5.8 3
0 205 6 3
0 205.1 6.2 3
0 205.2 6.4 3
0 205.3 6.6 3
0 205.4 6.8 3
0 205.5 7 3
0 205.6 7.2 3
0 205.7 7.4 3
0 205.8 7.6 3
0 205.9 7.8 3
0 206 8 3
0 206.1 8.2 3
0 206.2 8.4 3
0 206.3 8.6 3
0 206.4 8.8 3
0 206.5 9 3
0 206.6 9.2 3
0 206.7 9.4 3
0 206.8 9.6 3
0 206.9 9.8 3
0 207 10 3
0 207.1 10.2 3
0 207.2 10.4 3
0 207.3 10.6 3
0 207.4 10.8 3
0 207.5 11 3
0 207.6 11.2 3
0 207.7 11.4 3
0 207.8 11.6 3
0 207.9 11.8 3
0 208 12 3
0 208.1 12.2 3
0 208.2 12.4 3
0 208.3 12.6 3
0 208.4 12.8 3
0 208.5 13 3
0 208.6 13.2 3
0 208.7 13.4 3
0 208.8 13.6 3
0 208.9 13.8 3
0 209 14 3
0 209.1 14.2 3
0 209.2 14.4 3
0 209.3 14.6 3
0 209.4 14.8 3
0 209.5 15 3
0 209.6 15.2 3
0 209.7 15.4 3
0 209.8 15.6 3
0 209.9 15.8 3
0 210 16 3
0 210.1 15.8 3
0 210.2 15.6 3
0 210.3 15.4 3
0 210.4 15.2 3
0 210.5 15 3
0 210.6 14.8 3
0 210.7 14.6 3
0 210.8 14.4 3
0 210.9 14.2 3
0 211 14 3
0 211.1 13.8 3
0 211.2 13.6 3
0 211.3 13.4 3
0 211.4 13.2 3
0 211.5 13 3
0 211.6 12.8 3
0 211.7 12.6 3
0 211.8 12.4 3
0 211.9 12.2 3
0 212 12 3
0 212.1 11.8 3
0 212.2 11.6 3
0 212.3 11.4 3
0 212.4 11.2 3
0 212.5 11 3
0 212.6 10.8 3
0 212.7 10.6 3
0 212.8 10.4 3
0 212.9 10.2 3
0 213 10 3
0 213.1 9.8 3
0 213.2 9.6 3
0 213.3 9.4 3
0 213.4 9.2 3
0 213.5 9 3
0 213.6 8.8 3
0 213.7 8.6 3
0 213.8 8.4 3
0 213.9 8.2 3
0 214 8 3
0 214.1 7.8 3
0 214.2 7.6 3
0 214.3 7.4 3
0 214.4 7.2 3
0 214.5 7 3
0 214.6 6.8 3
0 214.7 6.6 3
0 214.8 6.4 3
0 214.9 6.2 3
0 215 6 3
0 215.1 5.8 3
0 215.2 5.6 3
0 215.3 5.4 3
0 215.4 5.2 3
0 215.5 5 3
0 215.6 4.8 3
0 215.7 4.6 3
0 215.8 4.4 3
0 215.9 4.2 3
0 216 4 3
0 216.1 3.8 3
0 216.2 3.6 3
0 216.3 3.4 3
0 216.4 3.2 3
0 216.5 3 3
0 216.6 2.8 3
0 216.7 2.6 3
0 216.8 2.4 3
0 216.9 2.2 3
0 217 2 3
0 217.1 1.8 3
0 217.2 1.6 3
0 217.3 1.4 3
0 217.4 1.2 3
0 217.5 1 3
0 217.6 0.8 3
0 217.7 0.6 3
0 217.8 0.4 3
0 217.9 0.2 3
0 218 0 3
0 218.1 0.2 3
0 218.2 0.4 3
0 218.3 0.6 3
0 218.4 0.8 3
0 218.5 1 3
0 218.6 1.2 3
0 218.7 1.4 3
0 218.8 1.6 3
0 218.9 1.8 3
0 219 2 3
0 219.1 2.2 3
0 219.2 2.4 3
0 219.3 2.6 3
0 219.4 2.8 3
0 219.5 3 3
0 219.6 3.2 3
0 219.7 3.4 3
0 219.8 3.6 3
0 219.9 3.8 3
0 220 4 3
0 220.1 4.2 3
0 220.2 4.4 3
0 220.3 4.6 3
0 220.4 4.8 3
0 220.5 5 3
0 220.6 5.2 3
0 220.7 5.4 3
0 220.8 5.6 3
0 220.9 5.8 3
0 221 6 3
0 221.1 6.2 3
0 221.2 6.4 3
0 221.3 6.6 3
0 221.4 6.8 3
0 221.5 7 3
0 221.6 7.2 3
0 221.7 7.4 3
0 221.8 7.6 3
0 221.9 7.8 3
0 222 8 3
0 222.1 8.2 3
0 222.2 8.4 3
0 222.3 8.6 3
0 222.4 8.8 3
0 222.5 9 3
0 222.6 9.2 3
0 222.7 9.4 3
0 222.8 9.6 3
0 222.9 9.8 3
0 223 10 3
0 223.1 10.2 3
0 223.2 10.4 3
0 223.3 10.6 3
0 223.4 10.8 3
0 223.5 11 3
0 223.6 11.2 3
0 223.7 11.4 3
0 223.8 11.6 3
0 223.9 11.8 3
0 224 12 3
0 224.1 12.2 3
0 224.2 12.4 3
0 224.3 12.6 3
0 224.4 12.8 3
0 224.5 13 3
0 224.6 13.2 3
0 224.7 13.4 3
0 224.8 13.6 3
0 224.9 13.8 3
0 225 14 3
0 225.1 14.2 3
0 225.2 14.4 3
0 225.3 14.6 3
0 225.4 14.8 3
0 225.5 15 3
0 225.6 15.2 3
0 225.7 15.4 3
0 225.8 15.6 3
0 225.9 15.8 3
0 226 16 3
0 226.1 15.8 3
0 226.2 15.6 3
0 226.3 15.4 3
0 226.4 15.2 3
0 226.5 15 3
0 226.6 14.8 3
0 226.7 14.6 3
0 226.8 14.4 3
0 226.9 14.2 3
0 227 14 3
0 227.1 13.8 3
0 227.2 13.6 3
0 227.3 13.4 3
0 227.4 13.2 3
0 227.5 13 3
0 227.6 12.8 3
0 227.7 12.6 3
0 227.8 12.4 3
0 227.9 12.2 3
0 228 12 3
0 228.1 11.8 3
0 228.2 11.6 3
0 228.3 11.4 3
0 228.4 11.2 3
0 228.5 11 3
0 228.6 10.8 3
0 228.7 10.6 3
0 228.8 10.4 3
0 228.9 10.2 3
0 229 10 3
0 229.1 9.8 3
0 229.2 9.6 3
0 229.3 9.4 3
0 229.4 9.2 3
0 229.5 9 3
0 229.6 8.8 3
0 229.7 8.6 3
0 229.8 8.4 3
0 229.9 8.2 3
0 230 8 3
0 230.1 7.8 3
0 230.2 7.6 3
0 230.3 7.4 3
0 230.4 7.2 3
0 230.5 7 3
0 230.6 6.8 3
0 230.7 6.6 3
0 230.8 6.4 3
0 230.9 6.2 3
0 231 6 3
0 231.1 5.8 3
0 231.2 5.6 3
0 231.3 5.4 3
0 231.4 5.2 3
0 231.5 5 3
0 231.6 4.8 3
0 231.7 4.6 3
0 231.8 4.4 3
0 231.9 4.2 3
0 232 4 3
0 232.1 3.8 3
0 232.2 3.6 3
0 232.3 3.4 3
0 232.4 3.2 3
0 232.5 3 3
0 232.6 2.8 3
0 232.7 2.6 3
0 232.8 2.4 3
0 232.9 2.2 3
0 233 2 3
0 233.1 1.8 3
0 233.2 1.6 3
0 233.3 1.4 3
0 233.4 1.2 3
0 233.5 1 3
0 233.6 0.8 3
0 233.7 0.6 3
0 233.8 0.4 3
0 233.9 0.2 3
0 234 0 3
0 234.1 0.2 3
0 234.2 0.4 3
0 234.3 0.6 3
0 234.4 0.8 3
0 234.5 1 3
0 234.6 1.2 3
0 234.7 1.4 3
0 234.8 1.6 3
0 234.9 1.8 3
0 235 2 3
0 235.1 2.2 3
0 235.2 2.4 3
0 235.3 2.6 3
0 235.4 2.8 3
0 235.5 3 3
0 235.6 3.2 3
0 235.7 3.4 3
0 235.8 3.6 3
0 235.9 3.8 3
0 236 4 3
0 236.1 4.2 3
0 236.2 4.4 3
0 236.3 4.6 3
0 236.4 4.8 3
0 236.5 5 3
0 236.6 5.2 3
0 236.7 5.4 3
0 236.8 5.6 3
0 236.9 5.8 3
0 237 6 3
0 237.1 6.2 3
0 237.2 6.4 3
0 237.3 6.6 3
0 237.4 6.8 3
0 237.5 7 3
0 237.6 7.2 3
0 237.7 7.4 3
0 237.8 7.6 3
0 237.9 7.8 3
0 238 8 3
0 238.1 8.2 3
0 238.2 8.4 3
0 238.3 8.6 3
0 238.4 8.8 3
0 238.5 9 3
0 238.6 9.2 3
0 238.7 9.4 3
0 238.8 9.6 3
0 238.9 9.8 3
0 239 10 3
0 239.1 10.2 3
0 239.2 10.4 3
0 239.3 10.6 3
0 239.4 10.8 3
0 239.5 11 3
0 239.6 11.2 3
0 239.7 11.4 3
0 239.8 11.6 3
0 239.9 11.8 3
0 240 12 3
0 240.1 12.2 3
0 240.2 12.4 3
0 240.3 12.6 3
0 240.4 12.8 3
0 240.5 13 3
0 240.6 13.2 3
0 240.7 13.4 3
0 240.8 13.6 3
0 240.9 13.8 3
0 241 14 3
0 241.1 14.2 3
0 241.2 14.4 3
0 241.3 14.6 3
0 241.4 14.8 3
0 241.5 15 3
0 241.6 15.2 3
0 241.7 15.4 3
0 241.8 15.6 3
0 241.9 15.8 3
0 242 16 3
0 242.1 15.8 3
0 242.2 15.6 3
0 242.3 15.4 3
0 242.4 15.2 3
0 242.5 15 3
0 242.6 14.8 3
0 242.7 14.6 3
0 242.8 14.4 3
0 242.9 14.2 3
0 243 14 3
0 243.1 13.8 3
0 243.2 13.6 3
0 243.3 13.4 3
0 243.4 13.2 3
0 243.5 13 3
0 243.6 12.8 3
0 243.7 12.6 3
0 243.8 12.4 3
0 243.9 12.2 3
0 244 12 3
0 244.1 11.8 3
0 244.2 11.6 3
0 244.3 11.4 3
0 244.4 11.2 3
0 244.5 11 3
0 244.6 10.8 3
0 244.7 10.6 3
0 244.8 10.4 3
0 244.9 10.2 3
0 245 10 3
0 245.1 9.8 3
0 245.2 9.6 3
0 245.3 9.4 3
0 245.4 9.2 3
0 245.5 9 3
0 245.6 8.8 3
0 245.7 8.6 3
0 245.8 8.4 3
0 245.9 8.2 3
0 246 8 3
0 246.1 7.8 3
0 246.2 7.6 3
0 246.3 7.4 3
0 246.4 7.2 3
0 246.5 7 3
0 246.6 6.8 3
0 246.7 6.6 3
0 246.8 6.4 3
0 246.9 6.2 3
0 247 6 3
0 247.1 5.8 3
0 247.2 5.6 3
0 247.3 5.4 3
0 247.4 5.2 3
0 247.5 5 3
0 247.6 4.8 3
0 247.7 4.6 3
0 247.8 4.4 3
0 247.9 4.2 3
0 248 4 3
0 248.1 3.8 3
0 248.2 3.6 3
0 248.3 3.4 3
0 248.4 3.2 3
0 248.5 3 3
0 248.6 2.8 3
0 248.7 2.6 3
0 248.8 2.4 3
0 248.9 2.2 3
0 249 2 3
0 249.1 1.8 3
0 249.2 1.6 3
0 249.3 1.4 3
0 249.4 1.2 3
0 249.5 1 3
0 249.6 0.8 3
0 249.7 0.6 3
0 249.8 0.4 3
0 249.9 0.2 3
0 250 0 3
0 250.1 0.2 3
0 250.2 0.4 3
0 250.3 0.6 3
0 250.4 0.8 3
0 250.5 1 3
0 250.6 1.2 3
0 250.7 1.4 3
0 250.8 1.6 3
0 250.9 1.8 3
0 251 2 3
0 251.1 2.2 3
0 251.2 2.4 3
0 251.3 2.6 3
0 251.4 2.8 3
0 251.5 3 3
0 251.6 3.2 3
0 251.7 3.4 3
0 251.8 3.6 3
0 251.9 3.8 3
0 252 4 3
0 252.1 4.2 3
0 252.2 4.4 3
0 252.3 4.6 3
0 252.4 4.8 3
0 252.5 5 3
0 252.6 5.2 3
0 252.7 5.4 3
0 252.8 5.6 3
0 252.9 5.8 3
0 253 6 3
0 253.1 6.2 3
0 253.2 6.4 3
0 253.3 6.6 3
0 253.4 6.8 3
0 253.5 7 3
0 253.6 7.2 3
0 253.7 7.4 3
0 253.8 7.6 3
0 253.9 7.8 3
0 254 8 3
0 254.1 8.2 3
0 254.2 8.4 3
0 254.3 8.6 3
0 254.4 8.8 3
0 254.5 9 3
0 254.6 9.2 3
0 254.7 9.4 3
0 254.8 9.6 3
0 254.9 9.8 3
0 255 10 3
0 255.1 10.2 3
0 255.2 10.4 3
0 255.3 10.6 3
0 255.4 10.8 3
0 255.5 11 3
0 255.6 11.2 3
0 255.7 11.4 3
0 255.8 11.6 3
0 255.9 11.8 3
0 256 12 3
0 256.1 12.2 3
0 256.2 12.4 3
0 256.3 12.6 3
0 256.4 12.8 3
0 256.5 13 3
0 256.6 13.2 3
0 256.7 13.4 3
0 256.8 13.6 3
0 256.9 13.8 3
0 257 14 3
0 257.1 14.2 3
0 257.2 14.4 3
0 257.3 14.6 3
0 257.4 14.8 3
0 257.5 15 3
0 257.6 15.2 3
0 257.7 15.4 3
0 257.8 15.6 3
0 257.9 15.8 3
0 258 16 3
0 258.1 15.8 3
0 258.2 15.6 3
0 258.3 15.4 3
0 258.4 15.2 3
0 258.5 15 3
0 258.6 14.8 3
0 258.7 14.6 3
0 258.8 14.4 3
0 258.9 14.2 3
0 259 14 3
0 259.1 13.8 3
0 259.2 13.6 3
0 259.3 13.4 3
0 259.4 13.2 3
0 259.5 13 3
0 259.6 12.8 3
0 259.7 12.6 3
0 259.8 12.4 3
0 259.9 12.2 3
0 260 12 3
0 260.1 11.8 3
0 260.2 11.6 3
0 260.3 11.4 3
0 260.4 11.2 3
0 260.5 11 3
0 260.6 10.8 3
0 260.7 10.6 3
0 260.8 10.4 3
0 260.9 10.2 3
0 261 10 3
0 261.1 9.8 3
0 261.2 9.6 3
0 261.3 9.4 3
0 261.4 9.2 3
0 261.5 9 3
0 261.6 8.8 3
0 261.7 8.6 3
0 261.8 8.4 3
0 261.9 8.2 3
0 262 8 3
0 262.1 7.8 3
0 262.2 7.6 3
0 262.3 7.4 3
0 262.4 7.2 3
0 262.5 7 3
0 262.6 6.8 3
0 262.7 6.6 3
0 262.8 6.4 3
0 262.9 6.2 3
0 263 6 3
0 263.1 5.8 3
0 263.2 5.6 3
0 263.3 5.4 3
0 263.4 5.2 3
0 263.5 5 3
0 263.6 4.8 3
0 263.7 4.6 3
0 263.8 4.4 3
0 263.9 4.2 3
0 264 4 3
0 264.1 3.8 3
0 264.2 3.6 3
0 264.3 3.4 3
0 264.4 3.2 3
0 264.5 3 3
0 264.6 2.8 3
0 264.7 2.6 3
0 264.8 2.4 3
0 264.9 2.2 3
0 265 2 3
0 265.1 1.8 3
0 265.2 1.6 3
0 265.3 1.4 3
0 265.4 1.2 3
0 265.5 1 3
0 265.6 0.8 3
0 265.7 0.6 3
0 265.8 0.4 3
0 265.9 0.2 3
0 266 0 3
0 266.1 0.2 3
0 266.2 0.4 3
0 266.3 0.6 3
0 266.4 0.8 3
0 266.5 1 3
0 266.6 1.2 3
0 266.7 1.4 3
0 266.8 1.6 3
0 266.9 1.8 3
0 267 2 3
0 267.1 2.2 3
0 267.2 2.4 3
0 267.3 2.6 3
0 267.4 2.8 3
0 267.5 3 3
0 267.6 3.2 3
0 267.7 3.4 3
0 267.8 3.6 3
0 267.9 3.8 3
0 268 4 3
0 268.1 4.2 3
0 268.2 4.4 3
0 268.3 4.6 3
0 268.4 4.8 3
0 268.5 5 3
0 268.6 5.2 3
0 268.7 5.4 3
0 268.8 5.6 3
0 268.9 5.8 3
0 269 6 3
0 269.1 6.2 3
0 269.2 6.4 3
0 269.3 6.6 3
0 269.4 6.8 3
0 269.5 7 3
0 269.6 7.2 3
0 269.7 7.4 3
0 269.8 7.6 3
0 269.9 7.8 3
0 270 8 3
0 270.1 8.2 3
0 270.2 8.4 3
0 270.3 8.6 3
0 270.4 8.8 3
0 270.5 9 3
0 270.6 9.2 3
0 270.7 9.4 3
0 270.8 9.6 3
0 270.9 9.8 3
0 271 10 3
0 271.1 10.2 3
0 271.2 10.4 3
0 271.3 10.6 3
0 271.4 10.8 3
0 271.5 11 3
0 271.6 11.2 3
0 271.7 11.4 3
0 271.8 11.6 3
0 271.9 11.8 3
0 272 12 3
0 272.1 12.2 3
0 272.2 12.4 3
0 272.3 12.6 3
0 272.4 12.8 3
0 272.5 13 3
0 272.6 13.2 3
0 272.7 13.4 3
0 272.8 13.6 3
0 272.9 13.8 3
0 273 14 3
0 273.1 14.2 3
0 273.2 14.4 3
0 273.3 14.6 3
0 273.4 14.8 3
0 273.5 15 3
0 273.6 15.2 3
0 273.7 15.4 3
0 273.8 15.6 3
0 273.9 15.8 3
0 274 16 3
0 274.1 15.8 3
0 274.2 15.6 3
0 274.3 15.4 3
0 274.4 15.2 3
0 274.5 15 3
0 274.6 14.8 3
0 274.7 14.6 3
0 274.8 14.4 3
0 274.9 14.2 3
0 275 14 3
0 275.1 13.8 3
0 275.2 13.6 3
0 275.3 13.4 3
0 275.4 13.2 3
0 275.5 13 3
0 275.6 12.8 3
0 275.7 12.6 3
0 275.8 12.4 3
0 275.9 12.2 3
0 276 12 3
0 276.1 11.8 3
0 276.2 11.6 3
0 276.3 11.4 3
0 276.4 11.2 3
0 276.5 11 3
0 276.6 10.8 3
0 276.7 10.6 3
0 276.8 10.4 3
0 276.9 10.2 3
0 277 10 3
0 277.1 9.8 3
0 277.2 9.6 3
0 277.3 9.4 3
0 277.4 9.2 3
0 277.5 9 3
0 277.6 8.8 3
0 277.7 8.6 3
0 277.8 8.4 3
0 277.9 8.2 3
0 278 8 3
0 278.1 7.8 3
0 278.2 7.6 3
0 278.3 7.4 3
0 278.4 7.2 3
0 278.5 7 3
0 278.6 6.8 3
0 278.7 6.6 3
0 278.8 6.4 3
0 278.9 6.2 3
0 279 6 3
0 279.1 5.8 3
0 279.2 5.6 3
0 279.3 5.4 3
0 279.4 5.2 3
0 279.5 5 3
0 279.6 4.8 3
0 279.7 4.6 3
0 279.8 4.4 3
0 279.9 4.2 3
0 280 4 3
0 280.1 3.8 3
0 280.2 3.6 3
0 280.3 3.4 3
0 280.4 3.2 3
0 280.5 3 3
0 280.6 2.8 3
0 280.7 2.6 3
0 280.8 2.4 3
0 280.9 2.2 3
0 281 2 3
0 281.1 1.8 3
0 281.2 1.6 3
0 281.3 1.4 3
0 281.4 1.2 3
0 281.5 1 3
0 281.6 0.8 3
0 281.7 0.6 3
0 281.8 0.4 3
0 281.9 0.2 3
0 282 0 3
0 282.1 0.2 3
0 282.2 0.4 3
0 282.3 0.6 3
0 282.4 0.8 3
0 282.5 1 3
0 282.6 1.2 3
0 282.7 1.4 3
0 282.8 1.6 3
0 282.9 1.8 3
0 283 2 3
0 283.1 2.2 3
0 283.2 2.4 3
0 283.3 2.6 3
0 283.4 2.8 3
0 283.5 3 3
0 283.6 3.2 3
0 283.7 3.4 3
0 283.8 3.6 3
0 283.9 3.8 3
0 284 4 3
0 284.1 4.2 3
0 284.2 4.4 3
0 284.3 4.6 3
0 284.4 4.8 3
0 284.5 5 3
0 284.6 5.2 3
0 284.7 5.4 3
0 284.8 5.6 3
0 284.9 5.8 3
0 285 6 3
0 285.1 6.2 3
0 285.2 6.4 3
0 285.3 6.6 3
0 285.4 6.8 3
0 285.5 7 3
0 285.6 7.2 3
0 285.7 7.4 3
0 285.8 7.6 3
0 285.9 7.8 3
0 286 8 3
0 286.1 8.2 3
0 286.2 8.4 3
0 286.3 8.6 3
0 286.4 8.8 3
0 286.5 9 3
0 286.6 9.2 3
0 286.7 9.4 3
0 286.8 9.6 3
0 286.9 9.8 3
0 287 10 3
0 287.1 10.2 3
0 287.2 10.4 3
0 287.3 10.6 3
0 287.4 10.8 3
0 287.5 11 3
0 287.6 11.2 3
0 287.7 11.4 3
0 287.8 11.6 3
0 287.9 11.8 3
0 288 12 3
0 288.1 12.2 3
0 288.2 12.4 3
0 288.3 12.6 3
0 288.4 12.8 3
0 288.5 13 3
0 288.6 13.2 3
0 288.7 13.4 3
0 288.8 13.6 3
0 288.9 13.8 3
0 289 14 3
0 289.1 14.2 3
0 289.2 14.4 3
0 289.3 14.6 3
0 289.4 14.8 3
0 289.5 15 3
0 289.6 15.2 3
0 289.7 15.4 3
0 289.8 15.6 3
0 289.9 15.8 3
0 290 16 3
0 290.1 15.8 3
0 290.2 15.6 3
0 290.3 15.4 3
0 290.4 15.2 3
0 290.5 15 3
0 290.6 14.8 3
0 290.7 14.6 3
0 290.8 14.4 3
0 290.9 14.2 3
0 291 14 3
0 291.1 13.8 3
0 291.2 13.6 3
0 291.3 13.4 3
0 291.4 13.2 3
0 291.5 13 3
0 291.6 12.8 3
0 291.7 12.6 3
0 291.8 12.4 3
0 291.9 12.2 3
0 292 12 3
0 292.1 11.8 3
0 292.2 11.6 3
0 292.3 11.4 3
0 292.4 11.2 3
0 292.5 11 3
0 292.6 10.8 3
0 292.7 10.6 3
0 292.8 10.4 3
0 292.9 10.2 3
0 293 10 3
0 293.1 9.8 3
0 293.2 9.6 3
0 293.3 9.4 3
0 293.4 9.2 3
0 293.5 9 3
0 293.6 8.8 3
0 293.7 8.6 3
0 293.8 8.4 3
0 293.9 8.2 3
0 294 8 3
0 294.1 7.8 3
0 294.2 7.6 3
0 294.3 7.4 3
0 294.4 7.2 3
0 294.5 7 3
0 294.6 6.8 3
0 294.7 6.6 3
0 294.8 6.4 3
0 294.9 6.2 3
0 295 6 3
0 295.1 5.8 3
0 295.2 5.6 3
0 295.3 5.4 3
0 295.4 5.2 3
0 295.5 5 3
0 295.6 4.8 3
0 295.7 4.6 3
0 295.8 4.4 3
0 295.9 4.2 3
0 296 4 3
0 296.1 3.8 3
0 296.2 3.6 3
0 296.3 3.4 3
0 296.4 3.2 3
0 296.5 3 3
0 296.6 2.8 3
0 296.7 2.6 3
0 296.8 2.4 3
0 296.9 2.2 3
0 297 2 3
0 297.1 1.8 3
0 297.2 1.6 3
0 297.3 1.4 3
0 297.4 1.2 3
0 297.5 1 3
0 297.6 0.8 3
0 297.7 0.6 3
0 297.8 0.4 3
0 297.9 0.2 3
0 298 0 3
0 298.1 0.2 3
0 298.2 0.4 3
0 298.3 0.6 3
0 298.4 0.8 3
0 298.5 1 3
0 298.6 1.2 3
0 298.7 1.4 3
0 298.8 1.6 3
0 298.9 1.8 3
0 299 2 3
0 299.1 2.2 3
0 299.2 2.4 3
0 299.3 2.6 3
0 299.4 2.8 3
0 299.5 3 3
0 299.6 3.2 3
0 299.7 3.4 3
0 299.8 3.6 3
0 299.9 3.8 3
0 300 4 3
