13 0.0 1 0
12 0.0 -2.5 3
11 0.0 -2.5 7
10 0.0 -2.5 11
9 0.0 -2.5 15
8 0.0 1 3
7 0.0 1 7
6 0.0 1 11
5 0.0 1 15
4 0.0 4 3
3 0.0 4 7
2 0.0 4 11
1 0.0 4 15
0 0.0 -2.5 18
0 30.0 -2.5 17.8
0 30.1 -2.3 17.6
0 30.2 -2.1 17.4
0 30.3 -1.9 17.2
0 30.4 -1.7 17
0 30.5 -1.5 16.8
0 30.6 -1.3 16.6
0 30.7 -1.1 16.4
0 30.8 -0.9 16.2
0 30.9 -0.7 16
0 31.0 -0.5 15.8
0 31.1 -0.3 15.6
0 31.2 -0.1 15.4
0 31.3 0.1 15.2
0 31.4 0.3 15
0 31.5 0.5 14.8
0 31.6 0.7 14.6
0 31.7 0.9 14.4
0 31.8 1.1 14.2
0 31.9 1.3 14
0 32.0 1.5 13.8
0 32.1 1.7 13.6
0 32.2 1.9 13.4
0 32.3 2.1 13.2
0 32.4 2.3 13
0 32.5 2.5 12.8
0 32.6 2.7 12.6
0 32.7 2.9 12.4
0 32.8 3.1 12.2
0 32.9 3.3 12
0 33.0 3.5 11.8
0 33.1 3.7 11.6
0 33.2 3.9 11.4
0 33.3 4.1 11.2
0 33.4 4.3 11
0 33.5 4.5 10.8
0 33.6 4.7 10.6
0 33.7 4.9 10.4
0 33.8 5.1 10.2
0 33.9 5.3 10
0 34.0 5.5 9.8
0 34.1 5.7 9.6
0 34.2 5.9 9.4
0 34.3 6 9.2
0 34.4 6 9
0 34.5 6 8.8
0 34.6 6 8.6
0 34.7 6 8.4
0 34.8 6 8.2
0 34.9 6 8
0 35.0 6 7.8
0 35.1 6 7.6
0 35.2 6 7.4
0 35.3 6 7.2
0 35.4 6 7
0 35.5 6 6.8
0 35.6 6 6.6
0 35.7 6 6.4
0 35.8 6 6.2
0 35.9 6 6
0 36.0 6 5.8
0 36.1 6 5.6
0 36.2 6 5.4
0 36.3 6 5.2
0 36.4 6 5
0 36.5 6 4.8
0 36.6 6 4.6
0 36.7 6 4.4
0 36.8 6 4.2
0 36.9 5.8 4
0 37.0 5.6 3.8
0 37.1 5.4 3.6
0 37.2 5.2 3.4
0 37.3 5 3.6
0 37.4 4.8 3.8
0 37.5 4.6 4
0 37.6 4.4 4.2
0 37.7 4.2 4.4
0 37.8 4 4.6
0 37.9 3.8 4.8
0 38.0 3.6 5
0 38.1 3.4 5.2
0 38.2 3.2 5.4
0 38.3 3 5.6
0 38.4 2.8 5.8
0 38.5 2.6 6
0 38.6 2.4 6.2
0 38.7 2.2 6.4
0 38.8 2 6.6
0 38.9 1.8 6.8
0 39.0 1.6 6.6
0 39.1 1.4 6.4
0 39.2 1.2 6.2
0 39.3 1 6
0 39.4 0.8 5.8
0 39.5 0.6 5.6
0 39.6 0.4 5.4
0 39.7 0.2 5.2
0 39.8 0 5
0 39.9 -0.2 4.8
0 40.0 -0.4 4.6
0 40.1 -0.6 4.4
0 40.2 -0.8 4.2
0 40.3 -1 4
0 40.4 -1.2 3.8
0 40.5 -1.4 3.6
0 40.6 -1.6 3.8
0 40.7 -1.8 4
0 40.8 -2 4.2
0 40.9 -2.2 4.4
0 41.0 -2.4 4.6
0 41.1 -2.6 4.8
0 41.2 -2.8 5
0 41.3 -3 5.2
0 41.4 -3.2 5.4
0 41.5 -3.4 5.6
0 41.6 -3.6 5.8
0 41.7 -3.8 6
0 41.8 -4 6.2
0 41.9 -4.2 6.4
0 42.0 -4.4 6.6
0 42.1 -4.5 6.8
0 42.2 -4.5 7
0 42.3 -4.5 7.2
0 42.4 -4.5 7.4
0 42.5 -4.5 7.6
0 42.6 -4.5 7.8
0 42.7 -4.5 7.999999999
0 42.8 -4.5 8.199999999
0 42.9 -4.5 8.399999999
0 43.0 -4.5 8.599999999
0 43.1 -4.5 8.799999999
0 43.2 -4.5 8.999999999
0 43.3 -4.5 9.199999999
0 43.4 -4.5 9.399999999
0 43.5 -4.5 9.599999999
0 43.6 -4.5 9.799999999
0 43.7 -4.5 9.999999999
0 43.8 -4.5 10.2
0 43.9 -4.5 10.4
0 44.0 -4.5 10.6
0 44.1 -4.3 10.8
0 44.2 -4.1 11
0 44.3 -3.9 11.2
0 44.4 -3.7 11.4
0 44.5 -3.5 11.6
0 44.6 -3.3 11.8
0 44.7 -3.1 12
0 44.8 -2.9 12.2
0 44.9 -2.7 12.4
0 45.0 -2.5 12.6
0 45.1 -2.3 12.8
0 45.2 -2.1 13
0 45.3 -1.9 13.2
0 45.4 -1.7 13.4
0 45.5 -1.5 13.6
0 45.6 -1.3 13.8
0 45.7 -1.1 14
0 45.8 -0.9 14.2
0 45.9 -0.7 14.4
0 46.0 -0.5 14.2
0 46.1 -0.3 14
0 46.2 -0.1 13.8
0 46.3 0.1 13.6
0 46.4 0.3 13.40000001
0 46.5 0.5 13.20000001
0 46.6 0.7 13.00000001
0 46.7 0.9 12.80000001
0 46.8 1.1 12.60000001
0 46.9 1.3 12.40000001
0 47.0 1.5 12.20000001
0 47.1 1.7 12.00000001
0 47.2 1.9 11.80000002
0 47.3 2.1 11.60000002
0 47.4 2.3 11.40000002
0 47.5 2.5 11.20000002
0 47.6 2.7 11.00000002
0 47.7 2.9 11.2
0 47.8 3.1 11.39999998
0 47.9 3.3 11.59999996
0 48.0 3.5 11.79999994
0 48.1 3.7 11.99999992
0 48.2 3.9 12.1999999
0 48.3 4.1 12.39999988
0 48.4 4.3 12.59999986
0 48.5 4.5 12.79999984
0 48.6 4.7 12.99999982
0 48.7 4.9 13.1999998
0 48.8 5.1 13.39999978
0 48.9 5.3 13.59999976
0 49.0 5.5 13.79999974
0 49.1 5.7 13.99999972
0 49.2 5.9 14.19999969
0 49.3 6 14.39999967
0 49.4 6 14.59999965
0 49.5 6 14.79999963
0 49.6 6 14.99999961
0 49.7 6 15.19999959
0 49.8 6 15.39999957
0 49.9 6 15.59999955
0 50.0 6 15.79999953
0 50.1 6 15.99999951
0 50.2 6 16.19999949
0 50.3 6 16.39999947
0 50.4 6 16.2
0 50.5 6 16.00000053
0 50.6 6 15.80000106
0 50.7 6 15.60000159
0 50.8 6 15.40000212
0 50.9 6 15.20000264
0 51.0 6 15.00000317
0 51.1 6 14.8000037
0 51.2 6 14.60000423
0 51.3 6 14.4
0 51.4 5.8 14.4
0 51.5 5.6 14.4
0 51.6 5.4 14.4
0 51.7 5.2 14.4
0 51.8 5 14.4
0 51.9 4.8 14.4
0 52.0 4.6 14.4
0 52.1 4.4 14.4
0 52.2 4.2 14.4
0 52.3 4 14.4
0 52.4 3.8 14.4
0 52.5 3.6 14.4
0 52.6 3.4 14.4
0 52.7 3.2 14.4
0 52.8 3 14.4
0 52.9 2.8 14.4
0 53.0 2.6 14.4
0 53.1 2.4 14.4
0 53.2 2.2 14.4
0 53.3 2 14.4
0 53.4 1.8 14.4
0 53.5 1.6 14.4
0 53.6 1.4 14.4
0 53.7 1.2 14.4
0 53.8 1 14.4
0 53.9 0.8 14.4
0 54.0 0.6 14.4
0 54.1 0.4 14.4
0 54.2 0.2 14.2
0 54.3 0 14.0
0 54.4 -0.2 13.8
0 54.5 -0.4 13.6
0 54.6 -0.6 13.4
0 54.7 -0.8 13.2
0 54.8 -1 13.0
0 54.9 -1.2 12.8
0 55.0 -1.4 12.6
0 55.1 -1.6 12.4
0 55.2 -1.8 12.2
0 55.3 -2 12.0
0 55.4 -2.2 11.8
0 55.5 -2.4 11.6
0 55.6 -2.6 11.4
0 55.7 -2.8 11.2
0 55.8 -3 11.0
0 55.9 -3.2 10.8
0 56.0 -3.4 10.6
0 56.1 -3.6 10.4
0 56.2 -3.8 10.2
0 56.3 -4 10.0
0 56.4 -4.2 10.0
0 56.5 -4.4 10.0
0 56.6 -4.5 10.0
0 56.7 -4.5 10.0
0 56.8 -4.5 10.0
0 56.9 -4.5 10.0
0 57.0 -4.5 10.0
0 57.1 -4.5 10.0
0 57.2 -4.5 10.0
0 57.3 -4.5 10.0
0 57.4 -4.5 10.0
0 57.5 -4.5 10.0
0 57.6 -4.5 10.0
0 57.7 -4.5 10.0
0 57.8 -4.5 10.0
0 57.9 -4.5 10.0
0 58.0 -4.5 10.0
0 58.1 -4.5 10.0
0 58.2 -4.5 10.0
0 58.3 -4.5 10.0
0 58.4 -4.5 10.0
0 58.5 -4.5 10.0
0 58.6 -4.5 10.0
0 58.7 -4.5 10.0
0 58.8 -4.5 10.0
0 58.9 -4.5 10.0
0 59.0 -4.5 10.0
0 59.1 -4.5 10.0
0 59.2 -4.5 10.0
0 59.3 -4.5 10.0
0 59.4 -4.5 10.0
0 59.5 -4.5 10.0
0 59.6 -4.5 10.0
0 59.7 -4.5 10.0
0 59.8 -4.5 10.0
0 59.9 -4.5 10.0
0 60.0 -4.5 10.0
0 60.1 -4.5 10.0
0 60.2 -4.5 10.0
0 60.3 -4.5 10.0
0 60.4 -4.5 10.0
0 60.5 -4.5 10.0
0 60.6 -4.5 10.0
0 60.7 -4.5 10.0
0 60.8 -4.5 10.0
0 60.9 -4.5 10.0
0 61.0 -4.5 10.0
0 61.1 -4.5 10.0
0 61.2 -4.5 10.0
0 61.3 -4.5 10.0
0 61.4 -4.5 10.0
0 61.5 -4.5 10.0
0 61.6 -4.5 10.0
0 61.7 -4.5 10.0
0 61.8 -4.5 10.0
0 61.9 -4.5 10.0
0 62.0 -4.5 10.0
0 62.1 -4.5 10.0
0 62.2 -4.5 10.0
0 62.3 -4.5 10.0
0 62.4 -4.5 10.0
0 62.5 -4.5 10.0
0 62.6 -4.5 10.0
0 62.7 -4.5 10.0
0 62.8 -4.5 10.0
0 62.9 -4.5 10.0
0 63.0 -4.5 10.0
0 63.1 -4.5 10.0
0 63.2 -4.3 10.0
0 63.3 -4.1 10.0
0 63.4 -3.9 10.0
0 63.5 -3.7 10.0
0 63.6 -3.5 10.0
0 63.7 -3.3 10.0
0 63.8 -3.1 10.0
0 63.9 -2.9 10.0
0 64.0 -2.7 10.0
0 64.1 -2.5 10.0
0 64.2 -2.3 10.0
0 64.3 -2.1 10.0
0 64.4 -1.9 10.0
0 64.5 -1.7 10.0
0 64.6 -1.5 10.0
0 64.7 -1.3 10.0
0 64.8 -1.1 10.0
0 64.9 -0.9 10.0
0 65.0 -0.7 10.0
0 65.1 -0.5 10.0
0 65.2 -0.3 10.0
0 65.3 -0.1 10.0
0 65.4 0.1 10.0
0 65.5 0.3 10.0
0 65.6 0.5 10.0
0 65.7 0.7 10.0
0 65.8 0.9 10.0
0 65.9 1.1 10.0
0 66.0 1.3 10.0
0 66.1 1.5 10.0
0 66.2 1.7 10.0
0 66.3 1.9 10.0
0 66.4 2.1 10.0
0 66.5 2.3 10.0
0 66.6 2.5 10.0
0 66.7 2.7 10.0
0 66.8 2.9 10.0
0 66.9 3.1 10.0
0 67.0 3.3 10.0
0 67.1 3.5 10.0
0 67.2 3.7 10.0
0 67.3 3.9 10.0
0 67.4 4.1 10.0
0 67.5 4.3 10.0
0 67.6 4.5 9.8
0 67.7 4.7 9.6
0 67.8 4.9 9.4
0 67.9 5.1 9.2
0 68.0 5.3 9.0
0 68.1 5.5 8.8
0 68.2 5.7 8.6
0 68.3 5.9 8.4
0 68.4 6 8.2
0 68.5 6 8.0
0 68.6 6 7.8
0 68.7 6 7.6
0 68.8 6 7.4
0 68.9 6 7.2
0 69.0 6 7.0
0 69.1 6 6.8
0 69.2 6 6.6
0 69.3 6 6.4
0 69.4 6 6.2
0 69.5 6 6.0
0 69.6 6 5.8
0 69.7 6 5.6
0 69.8 6 5.4
0 69.9 6 5.2
0 70.0 6 5.0
0 70.1 6 4.8
0 70.2 6 4.6
0 70.3 6 4.4
0 70.4 6 4.2
0 70.5 6 4.0
0 70.6 6 3.8
0 70.7 6 3.6
0 70.8 6 3.4
0 70.9 6 3.2
0 71.0 6 3.0
0 71.1 6 2.8
0 71.2 6 2.6
0 71.3 6 2.4
0 71.4 6 2.2
0 71.5 6 2.0
0 71.6 6 1.8
0 71.7 6 1.6
0 71.8 6 1.4
0 71.9 6 1.2
0 72.0 6 1.0
0 72.1 6 0.8
0 72.2 6 0.6
0 72.3 6 0.4
0 72.4 6 0.2
0 72.5 6 0.0
0 72.6 6 -0.2
0 72.7 6 -0.4
0 72.8 6 -0.6
0 72.9 6 -0.8
0 73.0 6 -1.0
0 73.1 6 -1.0
0 73.2 6 -1.0
0 73.3 6 -1.0
0 73.4 6 -1.0
0 73.5 6 -1.0
0 73.6 6 -1.0
0 73.7 6 -1.0
0 73.8 6 -1.0
0 73.9 6 -1.0
0 74.0 6 -1.0
0 74.1 6 -1.0
0 74.2 6 -1.0
0 74.3 6 -1.0
0 74.4 6 -1.0
0 74.5 6 -1.0
0 74.6 6 -1.0
0 74.7 6 -1.0
0 74.8 6 -1.0
0 74.9 6 -1.0
0 75.0 6 -1.0
0 75.1 6 -1.0
0 75.2 6 -1.0
0 75.3 6 -1.0
0 75.4 6 -1.0
0 75.5 6 -1.0
0 75.6 6 -1.0
0 75.7 6 -1.0
0 75.8 6 -1.0
0 75.9 6 -1.0
0 76.0 6 -1.0
0 76.1 6 -1.0
0 76.2 6 -1.0
0 76.3 6 -1.0
0 76.4 6 -1.0
0 76.5 6 -0.8
0 76.6 6 -0.6
0 76.7 6 -0.4
0 76.8 6 -0.2
0 76.9 6 0.0
0 77.0 6 0.2
0 77.1 6 0.4
0 77.2 6 0.6
0 77.3 6 0.8
0 77.4 6 1.0
0 77.5 6 1.2
0 77.6 6 1.4
0 77.7 6 1.6
0 77.8 6 1.8
0 77.9 6 2.0
0 78.0 6 2.2
0 78.1 6 2.4
0 78.2 6 2.6
0 78.3 6 2.8
0 78.4 6 3.0
0 78.5 6 3.2
0 78.6 6 3.4
0 78.7 6 3.6
0 78.8 6 3.8
0 78.9 6 4.0
0 79.0 6 4.2
0 79.1 6 4.4
0 79.2 6 4.6
0 79.3 6 4.8
0 79.4 6 5.0
0 79.5 5.8 5.2
0 79.6 5.6 5.4
0 79.7 5.4 5.6
0 79.8 5.2 5.8
0 79.9 5 6.0
0 80.0 4.8 6.2
0 80.1 4.6 6.4
0 80.2 4.4 6.6
0 80.3 4.2 6.8
0 80.4 4 7.0
0 80.5 3.8 7.2
0 80.6 3.6 7.4
0 80.7 3.4 7.6
0 80.8 3.2 7.8
0 80.9 3 8.0
0 81.0 2.8 8.2
0 81.1 2.6 8.4
0 81.2 2.6 8.4
0 81.3 2.6 8.4
0 81.4 2.6 8.4
0 81.5 2.6 8.4
0 81.6 2.6 8.4
0 81.7 2.6 8.4
0 81.8 2.6 8.4
0 81.9 2.6 8.4
0 82.0 2.6 8.4
0 82.1 2.6 8.4
0 82.2 2.6 8.4
0 82.3 2.6 8.4
0 82.4 2.6 8.4
0 82.5 2.6 8.4
0 82.6 2.6 8.4
0 82.7 2.6 8.4
0 82.8 2.6 8.4
0 82.9 2.6 8.4
0 83.0 2.6 8.4
0 83.1 2.6 8.4
0 83.2 2.6 8.4
0 83.3 2.6 8.4
0 83.4 2.6 8.4
0 83.5 2.6 8.4
0 83.6 2.6 8.4
0 83.7 2.6 8.4
0 83.8 2.6 8.4
0 83.9 2.6 8.4
0 84.0 2.6 8.4
0 84.1 2.6 8.4
0 84.2 2.6 8.4
0 84.3 2.6 8.4
0 84.4 2.6 8.4
0 84.5 2.6 8.4
0 84.6 2.6 8.4
0 84.7 2.6 8.4
0 84.8 2.6 8.4
0 84.9 2.6 8.4
0 85.0 2.6 8.4
0 85.1 2.6 8.4
0 85.2 2.6 8.4
0 85.3 2.6 8.4
0 85.4 2.6 8.4
0 85.5 2.6 8.4
0 85.6 2.6 8.4
0 85.7 2.6 8.4
0 85.8 2.6 8.4
0 85.9 2.6 8.4
0 86.0 2.6 8.4
0 86.1 2.6 8.4
0 86.2 2.6 8.4
0 86.3 2.6 8.4
0 86.4 2.6 8.4
0 86.5 2.6 8.4
0 86.6 2.6 8.4
0 86.7 2.6 8.4
0 86.8 2.6 8.4
0 86.9 2.6 8.4
0 87.0 2.6 8.4
0 87.1 2.6 8.4
0 87.2 2.6 8.4
0 87.3 2.6 8.4
0 87.4 2.6 8.4
0 87.5 2.6 8.4
0 87.6 2.6 8.4
0 87.7 2.6 8.4
0 87.8 2.6 8.4
0 87.9 2.6 8.4
0 88.0 2.6 8.4
0 88.1 2.6 8.4
0 88.2 2.6 8.4
0 88.3 2.6 8.4
0 88.4 2.6 8.4
0 88.5 2.6 8.4
0 88.6 2.6 8.4
0 88.7 2.6 8.4
0 88.8 2.6 8.4
0 88.9 2.6 8.4
0 89.0 2.6 8.4
0 89.1 2.6 8.4
0 89.2 2.6 8.4
0 89.3 2.6 8.4
0 89.4 2.6 8.4
0 89.5 2.6 8.4
0 89.6 2.6 8.4
0 89.7 2.6 8.4
0 89.8 2.6 8.4
0 89.9 2.6 8.4
0 90.0 2.6 8.4
0 90.1 2.6 8.4
0 90.2 2.6 8.3
0 90.3 2.6 8.2
0 90.4 2.6 8.1
0 90.5 2.6 8.0
0 90.6 2.6 7.9
0 90.7 2.6 7.8
0 90.8 2.6 7.7
0 90.9 2.6 7.6
0 91.0 2.6 7.5
0 91.1 2.6 7.4
0 91.2 2.6 7.3
0 91.3 2.6 7.2
0 91.4 2.6 7.1
0 91.5 2.6 7.0
0 91.6 2.6 6.9
0 91.7 2.6 6.8
0 91.8 2.6 6.7
0 91.9 2.6 6.6
0 92.0 2.6 6.5
0 92.1 2.6 6.4
0 92.2 2.6 6.3
0 92.3 2.6 6.2
0 92.4 2.6 6.1
0 92.5 2.6 6.0
0 92.6 2.7 5.9
0 92.7 2.8 5.8
0 92.8 2.9 5.7
0 92.9 3 5.6
0 93.0 3.1 5.5
0 93.1 3.2 5.4
0 93.2 3.3 5.3
0 93.3 3.4 5.2
0 93.4 3.5 5.1
0 93.5 3.6 5.0
0 93.6 3.7 4.9
0 93.7 3.8 4.8
0 93.8 3.9 4.7
0 93.9 4 4.6
0 94.0 4 4.5
0 94.1 4 4.4
0 94.2 4 4.3
0 94.3 4 4.2
0 94.4 4 4.1
0 94.5 4 4.0
0 94.6 4 3.9
0 94.7 4 3.8
0 94.8 4 3.7
0 94.9 4 3.6
0 95.0 4 3.5
0 95.1 4 3.4
0 95.2 4 3.3
0 95.3 4 3.2
0 95.4 4 3.1
0 95.5 4 3.0
0 95.6 3.9 3.0
0 95.7 3.8 3.0
0 95.8 3.7 3.0
0 95.9 3.6 3.0
0 96.0 3.5 3.0
0 96.1 3.4 3.0
0 96.2 3.3 3.0
0 96.3 3.2 3.0
0 96.4 3.1 3.0
0 96.5 3 3.1
0 96.6 2.9 3.2
0 96.7 2.8 3.3
0 96.8 2.7 3.4
0 96.9 2.6 3.5
0 97.0 2.5 3.6
0 97.1 2.4 3.7
0 97.2 2.3 3.8
0 97.3 2.2 3.9
0 97.4 2.1 4.0
0 97.5 2 4.1
0 97.6 1.9 4.2
0 97.7 1.8 4.3
0 97.8 1.7 4.4
0 97.9 1.6 4.5
0 98.0 1.5 4.6
0 98.1 1.4 4.7
0 98.2 1.3 4.8
0 98.3 1.2 4.9
0 98.4 1.1 5.0
0 98.5 1 5.1
0 98.6 0.9 5.2
0 98.7 0.8 5.3
0 98.8 0.7 5.4
0 98.9 0.6 5.5
0 99.0 0.5 5.6
0 99.1 0.4 5.7
0 99.2 0.3 5.8
0 99.3 0.2 5.9
0 99.4 0.1 6.0
0 99.5 0 6.1
0 99.6 -0.1 6.2
0 99.7 -0.2 6.3
0 99.8 -0.3 6.4
0 99.9 -0.4 6.5
0 100.0 -0.5 6.6
0 100.1 -0.6 6.7
0 100.2 -0.7 6.8
0 100.3 -0.8 6.9
0 100.4 -0.9 7.0
0 100.5 -1 7.1
0 100.6 -1.1 7.2
0 100.7 -1.2 7.3
0 100.8 -1.3 7.4
0 100.9 -1.4 7.5
0 101.0 -1.5 7.6
0 101.1 -1.6 7.7
0 101.2 -1.7 7.8
0 101.3 -1.8 7.9
0 101.4 -1.9 8.0
0 101.5 -2 8.0
0 101.6 -2 8.0
0 101.7 -2 8.0
0 101.8 -2 8.0
0 101.9 -2 8.0
0 102.0 -2 8.0
0 102.1 -2 8.0
0 102.2 -2 8.0
0 102.3 -2 8.0
0 102.4 -2 8.0
0 102.5 -2 8.0
0 102.6 -2 8.0
0 102.7 -2 8.0
0 102.8 -2 8.0
0 102.9 -2 8.0
0 103.0 -2 8.0
0 103.1 -2 8.0
0 103.2 -2 8.0
0 103.3 -2 8.0
0 103.4 -2 8.0
0 103.5 -2 8.0
0 103.6 -2 8.0
0 103.7 -2 8.0
0 103.8 -2 8.0
0 103.9 -2 8.0
0 104.0 -2 8.0
0 104.1 -2 8.0
0 104.2 -2 8.0
0 104.3 -2 8.0
0 104.4 -2 8.0
0 104.5 -2 8.0
0 104.6 -2 8.0
0 104.7 -2 8.0
0 104.8 -2 8.0
0 104.9 -2 8.0
0 105.0 -2 8.0
0 105.1 -2 8.0
0 105.2 -2 8.0
0 105.3 -2 8.0
0 105.4 -2 8.0
0 105.5 -2 8.0
0 105.6 -2 8.0
0 105.7 -2 8.0
0 105.8 -2 8.0
0 105.9 -2 8.0
0 106.0 -2 8.0
0 106.1 -2 8.0
0 106.2 -2 8.0
0 106.3 -2 8.0
0 106.4 -2 8.0
0 106.5 -2 8.0
0 106.6 -2 8.0
0 106.7 -2 8.0
0 106.8 -2 8.0
0 106.9 -2 8.0
0 107.0 -2 8.0
0 107.1 -2 8.0
0 107.2 -2 8.0
0 107.3 -2 8.0
0 107.4 -2 8.0
0 107.5 -2 8.0
0 107.6 -2 8.0
0 107.7 -2 8.0
0 107.8 -2 8.0
0 107.9 -2 8.0
0 108.0 -2 8.0
0 108.1 -2 8.0
0 108.2 -2 8.0
0 108.3 -2 8.0
0 108.4 -2 8.0
0 108.5 -2 8.0
0 108.6 -2 8.0
0 108.7 -2 8.0
0 108.8 -2 8.0
0 108.9 -2 8.0
0 109.0 -2 8.0
0 109.1 -2 8.0
0 109.2 -2 8.0
0 109.3 -2 8.0
0 109.4 -2 8.0
0 109.5 -2 8.0
0 109.6 -2 8.0
0 109.7 -2 8.0
0 109.8 -2 8.0
0 109.9 -2 8.0
0 110.0 -2 8.0
0 110.1 -1.8 8.2
0 110.2 -1.6 8.4
0 110.3 -1.4 8.6
0 110.4 -1.2 8.8
0 110.5 -1 9.0
0 110.6 -0.8 9.2
0 110.7 -0.6 9.4
0 110.8 -0.4 9.6
0 110.9 -0.2 9.8
0 111.0 -7.6501E-12 10.0
0 111.1 0.2 10.2
0 111.2 0.4 10.4
0 111.3 0.6 10.6
0 111.4 0.8 10.8
0 111.5 1 11.0
0 111.6 1.2 11.2
0 111.7 1.4 11.4
0 111.8 1.6 11.6
0 111.9 1.8 11.8
0 112.0 2 12.0
0 112.1 2.2 12.2
0 112.2 2.4 12.4
0 112.3 2.6 12.6
0 112.4 2.8 12.8
0 112.5 3 13.0
0 112.6 3.2 13.2
0 112.7 3.4 13.4
0 112.8 3.6 13.6
0 112.9 3.8 13.8
0 113.0 4 14.0
0 113.1 4 14.2
0 113.2 4 14.4
0 113.3 4 14.6
0 113.4 4 14.8
0 113.5 4 15.0
0 113.6 4 14.9
0 113.7 4 14.8
0 113.8 4 14.7
0 113.9 4 14.6
0 114.0 4 14.5
0 114.1 4 14.4
0 114.2 4 14.3
0 114.3 4 14.2
0 114.4 4 14.1
0 114.5 4 14.0
0 114.6 4 13.9
0 114.7 4 13.8
0 114.8 4 13.7
0 114.9 4 13.6
0 115.0 4 13.5
0 115.1 4 13.4
0 115.2 4 13.3
0 115.3 4 13.2
0 115.4 4 13.1
0 115.5 4 13.0
0 115.6 4 12.9
0 115.7 4 12.8
0 115.8 4 12.7
0 115.9 4 12.6
0 116.0 4 12.5
0 116.1 4 12.4
0 116.2 4 12.3
0 116.3 4 12.2
0 116.4 4 12.1
0 116.5 4 12.0
0 116.6 4 11.9
0 116.7 4 11.8
0 116.8 4 11.7
0 116.9 4 11.6
0 117.0 4 11.5
0 117.1 4 11.4
0 117.2 4 11.3
0 117.3 4 11.2
0 117.4 4 11.1
0 117.5 4 11.0
0 117.6 4 10.9
0 117.7 4 10.8
0 117.8 4 10.7
0 117.9 4 10.6
0 118.0 4 10.5
0 118.1 4 10.4
0 118.2 4 10.3
0 118.3 4 10.2
0 118.4 4 10.1
0 118.5 4 10.0
0 118.6 4 9.9
0 118.7 4 9.8
0 118.8 4 9.7
0 118.9 4 9.6
0 119.0 4 9.5
0 119.1 4 9.4
0 119.2 4 9.3
0 119.3 4 9.2
0 119.4 4 9.1
0 119.5 4 9.0
0 119.6 4 8.9
0 119.7 4 8.8
0 119.8 4 8.7
0 119.9 4 8.6
0 120.0 4 8.5
